 t,x,v
   0.00000000       5.00000007E-02   0.00000000    
   1.99999996E-02   4.98999991E-02  -9.99999978E-03
   3.99999991E-02   4.96001989E-02  -1.99799985E-02
   5.99999987E-02   4.91013974E-02  -2.99000368E-02
   7.99999982E-02   4.84051928E-02  -3.97203155E-02
   9.99999940E-02   4.75139767E-02  -4.94013540E-02
  0.119999990       4.64309193E-02  -5.89041486E-02
  0.139999986       4.51599769E-02  -6.81903362E-02
  0.159999982       4.37058508E-02  -7.72223324E-02
  0.179999977       4.20739949E-02  -8.59635025E-02
  0.199999973       4.02705781E-02  -9.43783000E-02
  0.219999969       3.83024700E-02 -0.102432415    
  0.239999965       3.61772180E-02 -0.110092908    
  0.259999961       3.39030065E-02 -0.117328353    
  0.279999971       3.14886309E-02 -0.124108955    
  0.299999982       2.89434735E-02 -0.130406678    
  0.319999993       2.62774527E-02 -0.136195377    
  0.340000004       2.35009901E-02 -0.141450867    
  0.360000014       2.06249710E-02 -0.146151066    
  0.380000025       1.76606998E-02 -0.150276065    
  0.400000036       1.46198571E-02 -0.153808206    
  0.420000046       1.15144532E-02 -0.156732172    
  0.440000057       8.35678075E-03 -0.159035057    
  0.460000068       5.15936594E-03 -0.160706416    
  0.480000079       1.93491892E-03 -0.161738291    
  0.500000060      -1.30371668E-03 -0.162125275    
  0.520000041      -4.54361504E-03 -0.161864534    
  0.540000021      -7.77181843E-03 -0.160955817    
  0.560000002      -1.09753907E-02 -0.159401447    
  0.579999983      -1.41414693E-02 -0.157206371    
  0.599999964      -1.72573142E-02 -0.154378071    
  0.619999945      -2.03103609E-02 -0.150926605    
  0.639999926      -2.32882723E-02 -0.146864533    
  0.659999907      -2.61789858E-02 -0.142206877    
  0.679999888      -2.89707668E-02 -0.136971086    
  0.699999869      -3.16522457E-02 -0.131176934    
  0.719999850      -3.42124812E-02 -0.124846488    
  0.739999831      -3.66409831E-02 -0.118003994    
  0.759999812      -3.89277823E-02 -0.110675797    
  0.779999793      -4.10634428E-02 -0.102890238    
  0.799999774      -4.30391207E-02  -9.46775526E-02
  0.819999754      -4.48465943E-02  -8.60697329E-02
  0.839999735      -4.64782938E-02  -7.71004111E-02
  0.859999716      -4.79273461E-02  -6.78047538E-02
  0.879999697      -4.91875857E-02  -5.82192838E-02
  0.899999678      -5.02535962E-02  -4.83817682E-02
  0.919999659      -5.11207245E-02  -3.83310504E-02
  0.939999640      -5.17851040E-02  -2.81069055E-02
  0.959999621      -5.22436723E-02  -1.77498851E-02
  0.979999602      -5.24941832E-02  -7.30115082E-03
  0.999999583      -5.25352173E-02   3.19768488E-03
   1.01999962      -5.23661934E-02   1.37047283E-02
   1.03999960      -5.19873649E-02   2.41779666E-02
   1.05999959      -5.13998307E-02   3.45754400E-02
   1.07999957      -5.06055243E-02   4.48554084E-02
   1.09999955      -4.96072024E-02   5.49765117E-02
   1.11999953      -4.84084561E-02   6.48979545E-02
   1.13999951      -4.70136814E-02   7.45796412E-02
   1.15999949      -4.54280637E-02   8.39823782E-02
   1.17999947      -4.36575599E-02   9.30679888E-02
   1.19999945      -4.17088866E-02  0.101799503    
   1.21999943      -3.95894796E-02  0.110141277    
   1.23999941      -3.73074785E-02  0.118059173    
   1.25999939      -3.48716825E-02  0.125520661    
   1.27999938      -3.22915241E-02  0.132495001    
   1.29999936      -2.95770410E-02  0.138953298    
   1.31999934      -2.67388206E-02  0.144868702    
   1.33999932      -2.37879679E-02  0.150216460    
   1.35999930      -2.07360629E-02  0.154974058    
   1.37999928      -1.75951105E-02  0.159121275    
   1.39999926      -1.43774953E-02  0.162640303    
   1.41999924      -1.10959345E-02  0.165515795    
   1.43999922      -7.76342675E-03  0.167734981    
   1.45999920      -4.39320039E-03  0.169287667    
   1.47999918      -9.98660573E-04  0.170166314    
   1.49999917       2.40666280E-03  0.170366049    
   1.51999915       5.80917019E-03  0.169884712    
   1.53999913       9.19524580E-03  0.168722883    
   1.55999911       1.25513123E-02  0.166883826    
   1.57999909       1.58638861E-02  0.164373562    
   1.59999907       1.91196296E-02  0.161200792    
   1.61999905       2.23054048E-02  0.157376871    
   1.63999903       2.54083313E-02  0.152915791    
   1.65999901       2.84158308E-02  0.147834122    
   1.67999899       3.13156806E-02  0.142150953    
   1.69999897       3.40960696E-02  0.135887817    
   1.71999896       3.67456339E-02  0.129068598    
   1.73999894       3.92535143E-02  0.121719472    
   1.75999892       4.16093953E-02  0.113868773    
   1.77999890       4.38035503E-02  0.105546892    
   1.79999888       4.58268821E-02   9.67861861E-02
   1.81999886       4.76709530E-02   8.76208097E-02
   1.83999884       4.93280292E-02   7.80866221E-02
   1.85999882       5.07911034E-02   6.82210177E-02
   1.87999880       5.20539433E-02   5.80627993E-02
   1.89999878       5.31110913E-02   4.76520136E-02
   1.91999876       5.39579093E-02   3.70297953E-02
   1.93999875       5.45905903E-02   2.62382142E-02
   1.95999873       5.50061725E-02   1.53200971E-02
   1.97999871       5.52025624E-02   4.31886315E-03
   1.99999869       5.51785342E-02  -6.72164932E-03
   2.01999879       5.49337417E-02  -1.77573562E-02
   2.03999877       5.44687286E-02  -2.87441034E-02
   2.05999875       5.37849069E-02  -3.96378487E-02
   2.07999873       5.28845787E-02  -5.03948294E-02
   2.09999871       5.17709143E-02  -6.09717444E-02
   2.11999869       5.04479371E-02  -7.13259280E-02
   2.13999867       4.89205234E-02  -8.14155117E-02
   2.15999866       4.71943729E-02  -9.11996141E-02
   2.17999864       4.52759936E-02 -0.100638486    
   2.19999862       4.31726724E-02 -0.109693684    
   2.21999860       4.08924557E-02 -0.118328221    
   2.23999858       3.84441055E-02 -0.126506716    
   2.25999856       3.58370803E-02 -0.134195536    
   2.27999854       3.30814943E-02 -0.141362950    
   2.29999852       3.01880725E-02 -0.147979245    
   2.31999850       2.71681119E-02 -0.154016852    
   2.33999848       2.40334384E-02 -0.159450471    
   2.35999846       2.07963623E-02 -0.164257154    
   2.37999845       1.74696259E-02 -0.168416426    
   2.39999843       1.40663581E-02 -0.171910346    
   2.41999841       1.06000183E-02 -0.174723610    
   2.43999839       7.08434591E-03 -0.176843613    
   2.45999837       3.53330513E-03 -0.178260475    
   2.47999835      -3.89709276E-05 -0.178967133    
   2.49999833      -3.61823547E-03 -0.178959340    
   2.51999831      -7.19018560E-03 -0.178235695    
   2.53999829      -1.07405186E-02 -0.176797658    
   2.55999827      -1.42549910E-02 -0.174649552    
   2.57999825      -1.77194718E-02 -0.171798557    
   2.59999824      -2.11200044E-02 -0.168254659    
   2.61999822      -2.44428590E-02 -0.164030656    
   2.63999820      -2.76745874E-02 -0.159142077    
   2.65999818      -3.08020804E-02 -0.153607160    
   2.67999816      -3.38126197E-02 -0.147446752    
   2.69999814      -3.66939306E-02 -0.140684232    
   2.71999812      -3.94342281E-02 -0.133345440    
   2.73999810      -4.20222692E-02 -0.125458598    
   2.75999808      -4.44473960E-02 -0.117054142    
   2.77999806      -4.66995835E-02 -0.108164661    
   2.79999804      -4.87694778E-02  -9.88247469E-02
   2.81999803      -5.06484322E-02  -8.90708491E-02
   2.83999801      -5.23285493E-02  -7.89411664E-02
   2.85999799      -5.38027138E-02  -6.84754550E-02
   2.87999797      -5.50646186E-02  -5.77149130E-02
   2.89999795      -5.61087877E-02  -4.67019901E-02
   2.91999793      -5.69306090E-02  -3.54802348E-02
   2.93999791      -5.75263537E-02  -2.40941122E-02
   2.95999789      -5.78931831E-02  -1.25888409E-02
   2.97999787      -5.80291748E-02  -1.01020467E-03
   2.99999785      -5.79333194E-02   1.05956299E-02
   3.01999784      -5.76055385E-02   2.21822932E-02
   3.03999782      -5.70466816E-02   3.37034017E-02
   3.05999780      -5.62585182E-02   4.51127365E-02
   3.07999778      -5.52437454E-02   5.63644394E-02
   3.09999776      -5.40059693E-02   6.74131885E-02
   3.11999774      -5.25496937E-02   7.82143846E-02
   3.13999772      -5.08803092E-02   8.87243226E-02
   3.15999770      -4.90040630E-02   9.89003852E-02
   3.17999768      -4.69280481E-02  0.108701199    
   3.19999766      -4.46601696E-02  0.118086807    
   3.21999764      -4.22091112E-02  0.127018839    
   3.23999763      -3.95843163E-02  0.135460660    
   3.25999761      -3.67959328E-02  0.143377528    
   3.27999759      -3.38547900E-02  0.150736719    
   3.29999757      -3.07723470E-02  0.157507673    
   3.31999755      -2.75606476E-02  0.163662136    
   3.33999753      -2.42322832E-02  0.169174269    
   3.35999751      -2.08003335E-02  0.174020723    
   3.37999749      -1.72783192E-02  0.178180784    
   3.39999747      -1.36801470E-02  0.181636453    
   3.41999745      -1.00200577E-02  0.184372485    
   3.43999743      -6.31256774E-03  0.186376497    
   3.45999742      -2.57241260E-03  0.187639013    
   3.47999740       1.18551240E-03  0.188153490    
   3.49999738       4.94621089E-03  0.187916383    
   3.51999736       8.69464595E-03  0.186927140    
   3.53999734       1.24157993E-02  0.185188204    
   3.55999732       1.60947330E-02  0.182705045    
   3.57999730       1.97166428E-02  0.179486096    
   3.59999728       2.32669301E-02  0.175542772    
   3.61999726       2.67312508E-02  0.170889392    
   3.63999724       3.00955772E-02  0.165543139    
   3.65999722       3.33462507E-02  0.159524024    
   3.67999721       3.64700370E-02  0.152854770    
   3.69999719       3.94541919E-02  0.145560756    
   3.71999717       4.22864966E-02  0.137669921    
   3.73999715       4.49553244E-02  0.129212618    
   3.75999713       4.74496670E-02  0.120221555    
   3.77999711       4.97592017E-02  0.110731624    
   3.79999709       5.18743172E-02  0.100779787    
   3.81999707       5.37861623E-02   9.04049277E-02
   3.83999705       5.54866903E-02   7.96476975E-02
   3.85999703       5.69686703E-02   6.85503632E-02
   3.87999701       5.82257397E-02   5.71566299E-02
   3.89999700       5.92524186E-02   4.55114841E-02
   3.91999698       6.00441433E-02   3.36610004E-02
   3.93999696       6.05972745E-02   2.16521714E-02
   3.95999694       6.09091222E-02   9.53271613E-03
   3.97999692       6.09779581E-02  -2.64910795E-03
   3.99999690       6.08030222E-02  -1.48446998E-02
   4.01999712       6.03845231E-02  -2.70053037E-02
   4.03999710       5.97236454E-02  -3.90822068E-02
   4.05999708       5.88225536E-02  -5.10269366E-02
   4.07999706       5.76843694E-02  -6.27914444E-02
   4.09999704       5.63131720E-02  -7.43283182E-02
   4.11999702       5.47139794E-02  -8.55909511E-02
   4.13999701       5.28927334E-02  -9.65337455E-02
   4.15999699       5.08562699E-02 -0.107112288    
   4.17999697       4.86123115E-02 -0.117283538    
   4.19999695       4.61694151E-02 -0.127005994    
   4.21999693       4.35369574E-02 -0.136239871    
   4.23999691       4.07250859E-02 -0.144947261    
   4.25999689       3.77446897E-02 -0.153092280    
   4.27999687       3.46073546E-02 -0.160641223    
   4.29999685       3.13253142E-02 -0.167562693    
   4.31999683       2.79114097E-02 -0.173827752    
   4.33999681       2.43790317E-02 -0.179410040    
   4.35999680       2.07420718E-02 -0.184285849    
   4.37999678       1.70148704E-02 -0.188434258    
   4.39999676       1.32121556E-02 -0.191837236    
   4.41999674       9.34898667E-03 -0.194479674    
   4.43999672       5.44069521E-03 -0.196349472    
   4.45999670       1.50282471E-03 -0.197437614    
   4.47999668      -2.44893320E-03 -0.197738186    
   4.49999666      -6.39879890E-03 -0.197248399    
   4.51999664      -1.03309695E-02 -0.195968643    
   4.53999662      -1.42296795E-02 -0.193902448    
   4.55999660      -1.80792697E-02 -0.191056505    
   4.57999659      -2.18642429E-02 -0.187440649    
   4.59999657      -2.55693272E-02 -0.183067799    
   4.61999655      -2.91795451E-02 -0.177953929    
   4.63999653      -3.26802619E-02 -0.172118023    
   4.65999651      -3.60572636E-02 -0.165581971    
   4.67999649      -3.92967872E-02 -0.158370525    
   4.69999647      -4.23856042E-02 -0.150511160    
   4.71999645      -4.53110561E-02 -0.142034039    
   4.73999643      -4.80611138E-02 -0.132971823    
   4.75999641      -5.06244265E-02 -0.123359598    
   4.77999640      -5.29903695E-02 -0.113234714    
   4.79999638      -5.51490821E-02 -0.102636643    
   4.81999636      -5.70915155E-02  -9.16068256E-02
   4.83999634      -5.88094667E-02  -8.01885203E-02
   4.85999632      -6.02956191E-02  -6.84266239E-02
   4.87999630      -6.15435615E-02  -5.63675016E-02
   4.89999628      -6.25478253E-02  -4.40587886E-02
   4.91999626      -6.33039027E-02  -3.15492228E-02
   4.93999624      -6.38082772E-02  -1.88884437E-02
   4.95999622      -6.40584305E-02  -6.12678938E-03
   4.97999620      -6.40528426E-02   6.68489654E-03
   4.99999619      -6.37910366E-02   1.94954649E-02
   5.01999617      -6.32735416E-02   3.22536714E-02
   5.03999615      -6.25019222E-02   4.49083820E-02
   5.05999613      -6.14787526E-02   5.74087650E-02
   5.07999611      -6.02076203E-02   6.97045177E-02
   5.09999609      -5.86931147E-02   8.17460418E-02
   5.11999607      -5.69408052E-02   9.34846625E-02
   5.13999605      -5.49572296E-02  0.104872823    
   5.15999603      -5.27498573E-02  0.115864269    
   5.17999601      -5.03270701E-02  0.126414239    
   5.19999599      -4.76981327E-02  0.136479646    
   5.21999598      -4.48731408E-02  0.146019280    
   5.23999596      -4.18630093E-02  0.154993907    
   5.25999594      -3.86794060E-02  0.163366511    
   5.27999592      -3.53347175E-02  0.171102390    
   5.29999590      -3.18420008E-02  0.178169340    
   5.31999588      -2.82149296E-02  0.184537739    
   5.33999586      -2.44677439E-02  0.190180719    
   5.35999584      -2.06151940E-02  0.195074260    
   5.37999582      -1.66724790E-02  0.199197292    
   5.39999580      -1.26551883E-02  0.202531785    
   5.41999578      -8.57924204E-03  0.205062822    
   5.43999577      -4.46082698E-03  0.206778675    
   5.45999575      -3.16332036E-04  0.207670838    
   5.47999573       3.83771700E-03  0.207734108    
   5.49999571       7.98472390E-03  0.206966564    
   5.51999569       1.21080857E-02  0.205369622    
   5.53999567       1.61912609E-02  0.202948004    
   5.55999565       2.02178378E-02  0.199709758    
   5.57999563       2.41715964E-02  0.195666194    
   5.59999561       2.80365776E-02  0.190831870    
   5.61999559       3.17971408E-02  0.185224548    
   5.63999557       3.54380384E-02  0.178865120    
   5.65999556       3.89444642E-02  0.171777517    
   5.67999554       4.23021242E-02  0.163988620    
   5.69999552       4.54972908E-02  0.155528188    
   5.71999550       4.85168621E-02  0.146428734    
   5.73999548       5.13484031E-02  0.136725366    
   5.75999546       5.39802164E-02  0.126455680    
   5.77999544       5.64013720E-02  0.115659639    
   5.79999542       5.86017631E-02  0.104379363    
   5.81999540       6.05721436E-02   9.26590115E-02
   5.83999538       6.23041801E-02   8.05445835E-02
   5.85999537       6.37904629E-02   6.80837482E-02
   5.87999535       6.50245547E-02   5.53256571E-02
   5.89999533       6.60010204E-02   4.23207469E-02
   5.91999531       6.67154342E-02   2.91205421E-02
   5.93999529       6.71644136E-02   1.57774575E-02
   5.95999527       6.73456341E-02   2.34457478E-03
   5.97999525       6.72578365E-02  -1.11245513E-02
   5.99999523       6.69008344E-02  -2.45761164E-02
