 t,x,v
   0.00000000       5.00000007E-02   0.00000000    
   9.99999978E-03   4.99750003E-02  -4.99999989E-03
   1.99999996E-02   4.99000102E-02  -9.99750011E-03
   2.99999993E-02   4.97750863E-02  -1.49875004E-02
   3.99999991E-02   4.96003218E-02  -1.99650079E-02
   4.99999970E-02   4.93758731E-02  -2.49250401E-02
   5.99999949E-02   4.91019338E-02  -2.98626274E-02
   6.99999928E-02   4.87787575E-02  -3.47728208E-02
   7.99999908E-02   4.84066382E-02  -3.96506973E-02
   8.99999887E-02   4.79859263E-02  -4.44913618E-02
   9.99999866E-02   4.75170165E-02  -4.92899530E-02
  0.109999985       4.70003560E-02  -5.40416539E-02
  0.119999982       4.64364402E-02  -5.87416887E-02
  0.129999980       4.58258018E-02  -6.33853301E-02
  0.139999986       4.51690331E-02  -6.79679066E-02
  0.149999991       4.44667712E-02  -7.24848062E-02
  0.159999996       4.37196903E-02  -7.69314840E-02
  0.170000002       4.29285169E-02  -8.13034549E-02
  0.180000007       4.20940183E-02  -8.55963081E-02
  0.190000013       4.12170067E-02  -8.98057073E-02
  0.200000018       4.02983427E-02  -9.39274058E-02
  0.210000023       3.93389203E-02  -9.79572386E-02
  0.220000029       3.83396782E-02 -0.101891130    
  0.230000034       3.73015963E-02 -0.105725095    
  0.240000039       3.62256914E-02 -0.109455258    
  0.250000030       3.51130255E-02 -0.113077827    
  0.260000020       3.39646898E-02 -0.116589129    
  0.270000011       3.27818133E-02 -0.119985595    
  0.280000001       3.15655656E-02 -0.123263776    
  0.289999992       3.03171463E-02 -0.126420334    
  0.299999982       2.90377848E-02 -0.129452050    
  0.309999973       2.77287457E-02 -0.132355824    
  0.319999963       2.63913237E-02 -0.135128692    
  0.329999954       2.50268411E-02 -0.137767822    
  0.339999944       2.36366503E-02 -0.140270501    
  0.349999934       2.22221259E-02 -0.142634168    
  0.359999925       2.07846742E-02 -0.144856378    
  0.369999915       1.93257183E-02 -0.146934852    
  0.379999906       1.78467073E-02 -0.148867428    
  0.389999896       1.63491089E-02 -0.150652096    
  0.399999887       1.48344142E-02 -0.152287006    
  0.409999877       1.33041274E-02 -0.153770447    
  0.419999868       1.17597701E-02 -0.155100852    
  0.429999858       1.02028819E-02 -0.156276822    
  0.439999849       8.63501243E-03 -0.157297105    
  0.449999839       7.05772359E-03 -0.158160612    
  0.459999830       5.47258882E-03 -0.158866391    
  0.469999820       3.88118858E-03 -0.159413651    
  0.479999810       2.28511146E-03 -0.159801766    
  0.489999801       6.85951265E-04 -0.160030276    
  0.499999791      -9.14694450E-04 -0.160098866    
  0.509999812      -2.51522590E-03 -0.160007402    
  0.519999802      -4.11404204E-03 -0.159755886    
  0.529999793      -5.70954429E-03 -0.159344479    
  0.539999783      -7.30013428E-03 -0.158773527    
  0.549999774      -8.88421945E-03 -0.158043519    
  0.559999764      -1.04602119E-02 -0.157155097    
  0.569999754      -1.20265326E-02 -0.156109080    
  0.579999745      -1.35816103E-02 -0.154906422    
  0.589999735      -1.51238833E-02 -0.153548256    
  0.599999726      -1.66518036E-02 -0.152035862    
  0.609999716      -1.81638356E-02 -0.150370687    
  0.619999707      -1.96584594E-02 -0.148554310    
  0.629999697      -2.11341735E-02 -0.146588460    
  0.639999688      -2.25894917E-02 -0.144475043    
  0.649999678      -2.40229461E-02 -0.142216086    
  0.659999669      -2.54330952E-02 -0.139813796    
  0.669999659      -2.68185176E-02 -0.137270480    
  0.679999650      -2.81778127E-02 -0.134588629    
  0.689999640      -2.95096096E-02 -0.131770849    
  0.699999630      -3.08125634E-02 -0.128819883    
  0.709999621      -3.20853554E-02 -0.125738621    
  0.719999611      -3.33267003E-02 -0.122530088    
  0.729999602      -3.45353372E-02 -0.119197421    
  0.739999592      -3.57100442E-02 -0.115743890    
  0.749999583      -3.68496291E-02 -0.112172887    
  0.759999573      -3.79529335E-02 -0.108487926    
  0.769999564      -3.90188359E-02 -0.104692630    
  0.779999554      -4.00462523E-02 -0.100790747    
  0.789999545      -4.10341360E-02  -9.67861190E-02
  0.799999535      -4.19814773E-02  -9.26827043E-02
  0.809999526      -4.28873114E-02  -8.84845555E-02
  0.819999516      -4.37507145E-02  -8.41958225E-02
  0.829999506      -4.45707962E-02  -7.98207521E-02
  0.839999497      -4.53467183E-02  -7.53636733E-02
  0.849999487      -4.60776836E-02  -7.08290040E-02
  0.859999478      -4.67629358E-02  -6.62212372E-02
  0.869999468      -4.74017672E-02  -6.15449436E-02
  0.879999459      -4.79935147E-02  -5.68047687E-02
  0.889999449      -4.85375635E-02  -5.20054176E-02
  0.899999440      -4.90333475E-02  -4.71516624E-02
  0.909999430      -4.94803488E-02  -4.22483273E-02
  0.919999421      -4.98780906E-02  -3.73002924E-02
  0.929999411      -5.02261519E-02  -3.23124826E-02
  0.939999402      -5.05241640E-02  -2.72898674E-02
  0.949999392      -5.07718027E-02  -2.22374517E-02
  0.959999382      -5.09687923E-02  -1.71602722E-02
  0.969999373      -5.11149094E-02  -1.20633934E-02
  0.979999363      -5.12099825E-02  -6.95190253E-03
  0.989999354      -5.12538962E-02  -1.83090474E-03
  0.999999344      -5.12465797E-02   3.29448469E-03
   1.00999939      -5.11880107E-02   8.41914210E-03
   1.01999938      -5.10782264E-02   1.35379434E-02
   1.02999938      -5.09173051E-02   1.86457653E-02
   1.03999937      -5.07053882E-02   2.37374958E-02
   1.04999936      -5.04426584E-02   2.88080350E-02
   1.05999935      -5.01293577E-02   3.38523015E-02
   1.06999934      -4.97657694E-02   3.88652384E-02
   1.07999933      -4.93522361E-02   4.38418165E-02
   1.08999932      -4.88891415E-02   4.87770401E-02
   1.09999931      -4.83769253E-02   5.36659546E-02
   1.10999930      -4.78160791E-02   5.85036464E-02
   1.11999929      -4.72071320E-02   6.32852539E-02
   1.12999928      -4.65506762E-02   6.80059642E-02
   1.13999927      -4.58473414E-02   7.26610348E-02
   1.14999926      -4.50978056E-02   7.72457719E-02
   1.15999925      -4.43027988E-02   8.17555487E-02
   1.16999924      -4.34630923E-02   8.61858279E-02
   1.17999923      -4.25795019E-02   9.05321389E-02
   1.18999922      -4.16528918E-02   9.47900862E-02
   1.19999921      -4.06841636E-02   9.89553779E-02
   1.20999920      -3.96742672E-02  0.103023797    
   1.21999919      -3.86241935E-02  0.106991224    
   1.22999918      -3.75349708E-02  0.110853642    
   1.23999918      -3.64076681E-02  0.114607140    
   1.24999917      -3.52433920E-02  0.118247904    
   1.25999916      -3.40432934E-02  0.121772245    
   1.26999915      -3.28085497E-02  0.125176579    
   1.27999914      -3.15403827E-02  0.128457427    
   1.28999913      -3.02400365E-02  0.131611466    
   1.29999912      -2.89088022E-02  0.134635463    
   1.30999911      -2.75479928E-02  0.137526348    
   1.31999910      -2.61589549E-02  0.140281141    
   1.32999909      -2.47430634E-02  0.142897040    
   1.33999908      -2.33017206E-02  0.145371348    
   1.34999907      -2.18363572E-02  0.147701517    
   1.35999906      -2.03484241E-02  0.149885148    
   1.36999905      -1.88393984E-02  0.151919991    
   1.37999904      -1.73107795E-02  0.153803930    
   1.38999903      -1.57640837E-02  0.155535012    
   1.39999902      -1.42008523E-02  0.157111421    
   1.40999901      -1.26226377E-02  0.158531502    
   1.41999900      -1.10310111E-02  0.159793764    
   1.42999899      -9.42755863E-03  0.160896868    
   1.43999898      -7.81387649E-03  0.161839619    
   1.44999897      -6.19157357E-03  0.162621006    
   1.45999897      -4.56226803E-03  0.163240165    
   1.46999896      -2.92758527E-03  0.163696393    
   1.47999895      -1.28915755E-03  0.163989156    
   1.48999894       3.51378578E-04  0.164118066    
   1.49999893       1.99238327E-03  0.164082929    
   1.50999892       3.63221625E-03  0.163883686    
   1.51999891       5.26923686E-03  0.163520470    
   1.52999890       6.90180669E-03  0.162993550    
   1.53999889       8.52829125E-03  0.162303373    
   1.54999888       1.01470603E-02  0.161450550    
   1.55999887       1.17564918E-02  0.160435840    
   1.56999886       1.33549720E-02  0.159260198    
   1.57999885       1.49408961E-02  0.157924697    
   1.58999884       1.65126715E-02  0.156430602    
   1.59999883       1.80687197E-02  0.154779330    
   1.60999882       1.96074788E-02  0.152972460    
   1.61999881       2.11274009E-02  0.151011705    
   1.62999880       2.26269551E-02  0.148898959    
   1.63999879       2.41046306E-02  0.146636263    
   1.64999878       2.55589392E-02  0.144225806    
   1.65999877       2.69884169E-02  0.141669914    
   1.66999876       2.83916220E-02  0.138971075    
   1.67999876       2.97671370E-02  0.136131912    
   1.68999875       3.11135724E-02  0.133155197    
   1.69999874       3.24295685E-02  0.130043834    
   1.70999873       3.37137915E-02  0.126800880    
   1.71999872       3.49649452E-02  0.123429500    
   1.72999871       3.61817591E-02  0.119933002    
   1.73999870       3.73630002E-02  0.116314828    
   1.74999869       3.85074653E-02  0.112578526    
   1.75999868       3.96139994E-02  0.108727783    
   1.76999867       4.06814702E-02  0.104766384    
   1.77999866       4.17087935E-02  0.100698240    
   1.78999865       4.26949225E-02   9.65273604E-02
   1.79999864       4.36388515E-02   9.22578648E-02
   1.80999863       4.45396118E-02   8.78939778E-02
   1.81999862       4.53962833E-02   8.34400132E-02
   1.82999861       4.62079868E-02   7.89003819E-02
   1.83999860       4.69738878E-02   7.42795840E-02
   1.84999859       4.76931967E-02   6.95821941E-02
   1.85999858       4.83651720E-02   6.48128763E-02
   1.86999857       4.89891209E-02   5.99763580E-02
   1.87999856       4.95643914E-02   5.50774448E-02
   1.88999856       5.00903837E-02   5.01210056E-02
   1.89999855       5.05665503E-02   4.51119691E-02
   1.90999854       5.09923883E-02   4.00553159E-02
   1.91999853       5.13674468E-02   3.49560753E-02
   1.92999852       5.16913235E-02   2.98193302E-02
   1.93999851       5.19636720E-02   2.46501975E-02
   1.94999850       5.21841943E-02   1.94538310E-02
   1.95999849       5.23526408E-02   1.42354118E-02
   1.96999848       5.24688177E-02   9.00014769E-03
   1.97999847       5.25325872E-02   3.75326583E-03
   1.98999846       5.25438525E-02  -1.49999280E-03
   1.99999845       5.25025800E-02  -6.75437832E-03
   2.00999856       5.24087846E-02  -1.20046362E-02
   2.01999855       5.22625335E-02  -1.72455143E-02
   2.02999854       5.20639457E-02  -2.24717669E-02
   2.03999853       5.18131964E-02  -2.76781619E-02
   2.04999852       5.15105091E-02  -3.28594819E-02
   2.05999851       5.11561558E-02  -3.80105339E-02
   2.06999850       5.07504717E-02  -4.31261510E-02
   2.07999849       5.02938330E-02  -4.82011959E-02
   2.08999848       4.97866757E-02  -5.32305799E-02
   2.09999847       4.92294766E-02  -5.82092479E-02
   2.10999846       4.86227721E-02  -6.31321967E-02
   2.11999846       4.79671396E-02  -6.79944754E-02
   2.12999845       4.72632125E-02  -7.27911890E-02
   2.13999844       4.65116687E-02  -7.75175095E-02
   2.14999843       4.57132384E-02  -8.21686760E-02
   2.15999842       4.48686928E-02  -8.67400020E-02
   2.16999841       4.39788587E-02  -9.12268683E-02
   2.17999840       4.30446006E-02  -9.56247523E-02
   2.18999839       4.20668311E-02  -9.99292135E-02
   2.19999838       4.10465077E-02 -0.104135893    
   2.20999837       3.99846248E-02 -0.108240545    
   2.21999836       3.88822258E-02 -0.112239011    
   2.22999835       3.77403945E-02 -0.116127230    
   2.23999834       3.65602523E-02 -0.119901270    
   2.24999833       3.53429578E-02 -0.123557292    
   2.25999832       3.40897106E-02 -0.127091587    
   2.26999831       3.28017510E-02 -0.130500555    
   2.27999830       3.14803421E-02 -0.133780733    
   2.28999829       3.01267952E-02 -0.136928767    
   2.29999828       2.87424438E-02 -0.139941454    
   2.30999827       2.73286588E-02 -0.142815694    
   2.31999826       2.58868374E-02 -0.145548567    
   2.32999825       2.44184081E-02 -0.148137257    
   2.33999825       2.29248255E-02 -0.150579095    
   2.34999824       2.14075726E-02 -0.152871579    
   2.35999823       1.98681522E-02 -0.155012339    
   2.36999822       1.83080956E-02 -0.156999156    
   2.37999821       1.67289488E-02 -0.158829972    
   2.38999820       1.51322847E-02 -0.160502866    
   2.39999819       1.35196904E-02 -0.162016094    
   2.40999818       1.18927695E-02 -0.163368061    
   2.41999817       1.02531426E-02 -0.164557338    
   2.42999816       8.60244222E-03 -0.165582657    
   2.43999815       6.94231456E-03 -0.166442901    
   2.44999814       5.27441455E-03 -0.167137131    
   2.45999813       3.60040599E-03 -0.167664573    
   2.46999812       1.92196004E-03 -0.168024614    
   2.47999811       2.40752968E-04 -0.168216810    
   2.48999810      -1.44153554E-03 -0.168240890    
   2.49999809      -3.12322355E-03 -0.168096736    
   2.50999808      -4.80262889E-03 -0.167784408    
   2.51999807      -6.47807168E-03 -0.167304143    
   2.52999806      -8.14787392E-03 -0.166656330    
   2.53999805      -9.81036387E-03 -0.165841550    
   2.54999804      -1.14638740E-02 -0.164860517    
   2.55999804      -1.31067466E-02 -0.163714126    
   2.56999803      -1.47373341E-02 -0.162403449    
   2.57999802      -1.63540002E-02 -0.160929710    
   2.58999801      -1.79551207E-02 -0.159294307    
   2.59999800      -1.95390861E-02 -0.157498792    
   2.60999799      -2.11043041E-02 -0.155544877    
   2.61999798      -2.26492006E-02 -0.153434440    
   2.62999797      -2.41722204E-02 -0.151169524    
   2.63999796      -2.56718285E-02 -0.148752302    
   2.64999795      -2.71465164E-02 -0.146185115    
   2.65999794      -2.85947938E-02 -0.143470466    
   2.66999793      -3.00152004E-02 -0.140610993    
   2.67999792      -3.14063020E-02 -0.137609467    
   2.68999791      -3.27666961E-02 -0.134468839    
   2.69999790      -3.40950005E-02 -0.131192163    
   2.70999789      -3.53898741E-02 -0.127782658    
   2.71999788      -3.66500057E-02 -0.124243669    
   2.72999787      -3.78741175E-02 -0.120578669    
   2.73999786      -3.90609689E-02 -0.116791256    
   2.74999785      -4.02093492E-02 -0.112885162    
   2.75999784      -4.13180962E-02 -0.108864225    
   2.76999784      -4.23860773E-02 -0.104732417    
   2.77999783      -4.34122086E-02 -0.100493811    
   2.78999782      -4.43954393E-02  -9.61525887E-02
   2.79999781      -4.53347676E-02  -9.17130411E-02
   2.80999780      -4.62292284E-02  -8.71795639E-02
   2.81999779      -4.70779091E-02  -8.25566426E-02
   2.82999778      -4.78799343E-02  -7.78488517E-02
   2.83999777      -4.86344844E-02  -7.30608553E-02
   2.84999776      -4.93407734E-02  -6.81974068E-02
   2.85999775      -4.99980785E-02  -6.32633269E-02
   2.86999774      -5.06057106E-02  -5.82635179E-02
   2.87999773      -5.11630438E-02  -5.32029457E-02
   2.88999772      -5.16694933E-02  -4.80866432E-02
   2.89999771      -5.21245264E-02  -4.29196954E-02
   2.90999770      -5.25276624E-02  -3.77072431E-02
   2.91999769      -5.28784730E-02  -3.24544758E-02
   2.92999768      -5.31765781E-02  -2.71666273E-02
   2.93999767      -5.34216575E-02  -2.18489692E-02
   2.94999766      -5.36134355E-02  -1.65068023E-02
   2.95999765      -5.37516959E-02  -1.11454586E-02
   2.96999764      -5.38362749E-02  -5.77028934E-03
   2.97999763      -5.38670607E-02  -3.86661850E-04
   2.98999763      -5.38439937E-02   5.00004413E-03
   2.99999762      -5.37670702E-02   1.03844432E-02
   3.00999761      -5.36363423E-02   1.57611500E-02
   3.01999760      -5.34519106E-02   2.11247839E-02
   3.02999759      -5.32139391E-02   2.64699757E-02
   3.03999758      -5.29226325E-02   3.17913704E-02
   3.04999757      -5.25782593E-02   3.70836332E-02
   3.05999756      -5.21811321E-02   4.23414595E-02
   3.06999755      -5.17316274E-02   4.75595742E-02
   3.07999754      -5.12301661E-02   5.27327359E-02
   3.08999753      -5.06772250E-02   5.78557514E-02
   3.09999752      -5.00733294E-02   6.29234761E-02
   3.10999751      -4.94190566E-02   6.79308102E-02
   3.11999750      -4.87150401E-02   7.28727132E-02
   3.12999749      -4.79619578E-02   7.77442157E-02
   3.13999748      -4.71605361E-02   8.25404078E-02
   3.14999747      -4.63115498E-02   8.72564614E-02
   3.15999746      -4.54158299E-02   9.18876156E-02
   3.16999745      -4.44742441E-02   9.64291990E-02
   3.17999744      -4.34877165E-02  0.100876622    
   3.18999743      -4.24572043E-02  0.105225392    
   3.19999743      -4.13837209E-02  0.109471112    
   3.20999742      -4.02683206E-02  0.113609485    
   3.21999741      -3.91120911E-02  0.117636316    
   3.22999740      -3.79161686E-02  0.121547528    
   3.23999739      -3.66817340E-02  0.125339150    
   3.24999738      -3.54100019E-02  0.129007325    
   3.25999737      -3.41022238E-02  0.132548332    
   3.26999736      -3.27596888E-02  0.135958552    
   3.27999735      -3.13837230E-02  0.139234528    
   3.28999734      -2.99756844E-02  0.142372906    
   3.29999733      -2.85369661E-02  0.145370468    
   3.30999732      -2.70689931E-02  0.148224160    
   3.31999731      -2.55732182E-02  0.150931060    
   3.32999730      -2.40511205E-02  0.153488383    
   3.33999729      -2.25042123E-02  0.155893490    
   3.34999728      -2.09340248E-02  0.158143908    
   3.35999727      -1.93421189E-02  0.160237312    
   3.36999726      -1.77300759E-02  0.162171528    
   3.37999725      -1.60994958E-02  0.163944542    
   3.38999724      -1.44520011E-02  0.165554494    
   3.39999723      -1.27892299E-02  0.166999698    
   3.40999722      -1.11128390E-02  0.168278620    
   3.41999722      -9.42449644E-03  0.169389904    
   3.42999721      -7.72588560E-03  0.170332357    
   3.43999720      -6.01869915E-03  0.171104953    
   3.44999719      -4.30464000E-03  0.171706825    
   3.45999718      -2.58541945E-03  0.172137290    
   3.46999717      -8.62753892E-04  0.172395825    
   3.47999716       8.61635664E-04  0.172482103    
   3.48999715       2.58602598E-03  0.172395945    
   3.49999714       4.30869218E-03  0.172137335    
   3.50999713       6.02791132E-03  0.171706468    
   3.51999712       7.74196209E-03  0.171103671    
   3.52999711       9.44912806E-03  0.170329481    
   3.53999710       1.11476984E-02  0.169384569    
   3.54999709       1.28359701E-02  0.168269798    
   3.55999708       1.45122502E-02  0.166986197    
   3.56999707       1.61748547E-02  0.165534973    
   3.57999706       1.78221166E-02  0.163917482    
   3.58999705       1.94523800E-02  0.162135273    
   3.59999704       2.10640058E-02  0.160190031    
   3.60999703       2.26553753E-02  0.158083633    
   3.61999702       2.42248829E-02  0.155818090    
   3.62999701       2.57709511E-02  0.153395608    
   3.63999701       2.72920206E-02  0.150818512    
   3.64999700       2.87865605E-02  0.148089305    
   3.65999699       3.02530602E-02  0.145210654    
   3.66999698       3.16900425E-02  0.142185345    
   3.67999697       3.30960527E-02  0.139016345    
   3.68999696       3.44696678E-02  0.135706738    
   3.69999695       3.58095020E-02  0.132259771    
   3.70999694       3.71141955E-02  0.128678828    
   3.71999693       3.83824296E-02  0.124967411    
   3.72999692       3.96129116E-02  0.121129170    
   3.73999691       4.08043973E-02  0.117167875    
   3.74999690       4.19556722E-02  0.113087438    
   3.75999689       4.30655703E-02  0.108891875    
   3.76999688       4.41329554E-02  0.104585320    
   3.77999687       4.51567434E-02  0.100172028    
   3.78999686       4.61358838E-02   9.56563503E-02
   3.79999685       4.70693819E-02   9.10427645E-02
   3.80999684       4.79562730E-02   8.63358229E-02
   3.81999683       4.87956516E-02   8.15401971E-02
   3.82999682       4.95866574E-02   7.66606331E-02
   3.83999681       5.03284708E-02   7.17019662E-02
   3.84999681       5.10203280E-02   6.66691214E-02
   3.85999680       5.16615100E-02   6.15670905E-02
   3.86999679       5.22513501E-02   5.64009398E-02
   3.87999678       5.27892336E-02   5.11758029E-02
   3.88999677       5.32745980E-02   4.58968803E-02
   3.89999676       5.37069291E-02   4.05694209E-02
   3.90999675       5.40857725E-02   3.51987258E-02
   3.91999674       5.44107184E-02   2.97901481E-02
   3.92999673       5.46814129E-02   2.43490767E-02
   3.93999672       5.48975654E-02   1.88809354E-02
   3.94999671       5.50589263E-02   1.33911790E-02
   3.95999670       5.51653095E-02   7.88528658E-03
   3.96999669       5.52165806E-02   2.36875564E-03
   3.97999668       5.52126616E-02  -3.15290224E-03
   3.98999667       5.51535226E-02  -8.67416896E-03
   3.99999666       5.50392009E-02  -1.41895209E-02
   4.00999689       5.48697859E-02  -1.96934417E-02
   4.01999712       5.46454191E-02  -2.51804199E-02
   4.02999735       5.43662943E-02  -3.06449607E-02
   4.03999758       5.40326610E-02  -3.60815898E-02
   4.04999781       5.36448285E-02  -4.14848551E-02
   4.05999804       5.32031581E-02  -4.68493365E-02
   4.06999826       5.27080633E-02  -5.21696508E-02
   4.07999849       5.21600135E-02  -5.74404560E-02
   4.08999872       5.15595265E-02  -6.26564547E-02
   4.09999895       5.09071834E-02  -6.78124055E-02
   4.10999918       5.02036028E-02  -7.29031265E-02
   4.11999941       4.94494699E-02  -7.79234841E-02
   4.12999964       4.86455113E-02  -8.28684345E-02
   4.13999987       4.77925055E-02  -8.77329856E-02
   4.15000010       4.68912795E-02  -9.25122350E-02
   4.16000032       4.59427088E-02  -9.72013623E-02
   4.17000055       4.49477248E-02 -0.101795636    
   4.18000078       4.39072922E-02 -0.106290407    
   4.19000101       4.28224355E-02 -0.110681139    
   4.20000124       4.16942127E-02 -0.114963382    
   4.21000147       4.05237339E-02 -0.119132802    
   4.22000170       3.93121429E-02 -0.123185173    
   4.23000193       3.80606353E-02 -0.127116382    
   4.24000216       3.67704444E-02 -0.130922452    
   4.25000238       3.54428366E-02 -0.134599492    
   4.26000261       3.40791196E-02 -0.138143778    
   4.27000284       3.26806419E-02 -0.141551688    
   4.28000307       3.12487837E-02 -0.144819751    
   4.29000330       2.97849625E-02 -0.147944629    
   4.30000353       2.82906238E-02 -0.150923133    
   4.31000376       2.67672483E-02 -0.153752193    
   4.32000399       2.52163429E-02 -0.156428918    
   4.33000422       2.36394461E-02 -0.158950552    
   4.34000444       2.20381208E-02 -0.161314502    
   4.35000467       2.04139557E-02 -0.163518310    
   4.36000490       1.87685657E-02 -0.165559709    
   4.37000513       1.71035845E-02 -0.167436570    
   4.38000536       1.54206678E-02 -0.169146925    
   4.39000559       1.37214884E-02 -0.170688987    
   4.40000582       1.20077375E-02 -0.172061130    
   4.41000605       1.02811223E-02 -0.173261911    
   4.42000628       8.54336284E-03 -0.174290016    
   4.43000650       6.79619098E-03 -0.175144359    
   4.44000673       5.04134921E-03 -0.175823972    
   4.45000696       3.28058889E-03 -0.176328108    
   4.46000719       1.51566754E-03 -0.176656172    
   4.47000742      -2.51651945E-04 -0.176807731    
   4.48000765      -2.01960350E-03 -0.176782563    
   4.49000788      -3.78641929E-03 -0.176580608    
   4.50000811      -5.55033190E-03 -0.176201969    
   4.51000834      -7.30957650E-03 -0.175646931    
   4.52000856      -9.06239077E-03 -0.174915969    
   4.53000879      -1.08070197E-02 -0.174009725    
   4.54000902      -1.25417132E-02 -0.172929019    
   4.55000925      -1.42647326E-02 -0.171674848    
   4.56000948      -1.59743484E-02 -0.170248374    
   4.57000971      -1.76688451E-02 -0.168650940    
   4.58000994      -1.93465203E-02 -0.166884050    
   4.59001017      -2.10056882E-02 -0.164949402    
   4.60001040      -2.26446781E-02 -0.162848830    
   4.61001062      -2.42618434E-02 -0.160584360    
   4.62001085      -2.58555561E-02 -0.158158183    
   4.63001108      -2.74242088E-02 -0.155572623    
   4.64001131      -2.89662220E-02 -0.152830198    
   4.65001154      -3.04800402E-02 -0.149933577    
   4.66001177      -3.19641344E-02 -0.146885574    
   4.67001200      -3.34170088E-02 -0.143689156    
   4.68001223      -3.48371938E-02 -0.140347451    
   4.69001245      -3.62232476E-02 -0.136863738    
   4.70001268      -3.75737734E-02 -0.133241415    
   4.71001291      -3.88874002E-02 -0.129484043    
   4.72001314      -4.01627980E-02 -0.125595301    
   4.73001337      -4.13986668E-02 -0.121579021    
   4.74001360      -4.25937586E-02 -0.117439151    
   4.75001383      -4.37468514E-02 -0.113179773    
   4.76001406      -4.48567756E-02 -0.108805090    
   4.77001429      -4.59223948E-02 -0.104319416    
   4.78001451      -4.69426252E-02  -9.97271761E-02
   4.79001474      -4.79164235E-02  -9.50329155E-02
   4.80001497      -4.88427952E-02  -9.02412757E-02
   4.81001520      -4.97207865E-02  -8.53569955E-02
   4.82001543      -5.05494960E-02  -8.03849176E-02
   4.83001566      -5.13280705E-02  -7.53299668E-02
   4.84001589      -5.20557053E-02  -7.01971576E-02
   4.85001612      -5.27316481E-02  -6.49915859E-02
   4.86001635      -5.33551946E-02  -5.97184226E-02
   4.87001657      -5.39257005E-02  -5.43829054E-02
   4.88001680      -5.44425659E-02  -4.89903353E-02
   4.89001703      -5.49052469E-02  -4.35460806E-02
   4.90001726      -5.53132556E-02  -3.80555540E-02
   4.91001749      -5.56661561E-02  -3.25242281E-02
   4.92001772      -5.59635684E-02  -2.69576125E-02
   4.93001795      -5.62051646E-02  -2.13612560E-02
   4.94001818      -5.63906729E-02  -1.57407392E-02
   4.95001841      -5.65198846E-02  -1.01016723E-02
   4.96001863      -5.65926395E-02  -4.44968417E-03
   4.97001886      -5.66088408E-02   1.20957941E-03
   4.98001909      -5.65684400E-02   6.87046349E-03
   4.99001932      -5.64714521E-02   1.25273075E-02
   5.00001955      -5.63179441E-02   1.81744527E-02
   5.01001978      -5.61080389E-02   2.38062479E-02
   5.02002001      -5.58419228E-02   2.94170510E-02
   5.03002024      -5.55198304E-02   3.50012444E-02
   5.04002047      -5.51420562E-02   4.05532271E-02
   5.05002069      -5.47089539E-02   4.60674316E-02
   5.06002092      -5.42209260E-02   5.15383258E-02
   5.07002115      -5.36784343E-02   5.69604188E-02
   5.08002138      -5.30819893E-02   6.23282641E-02
   5.09002161      -5.24321645E-02   6.76364601E-02
   5.10002184      -5.17295860E-02   7.28796795E-02
   5.11002207      -5.09749241E-02   7.80526400E-02
   5.12002230      -5.01689091E-02   8.31501335E-02
   5.13002253      -4.93123233E-02   8.81670266E-02
   5.14002275      -4.84059937E-02   9.30982605E-02
   5.15002298      -4.74508069E-02   9.79388580E-02
   5.16002321      -4.64476906E-02  0.102683939    
   5.17002344      -4.53976281E-02  0.107328705    
   5.18002367      -4.43016440E-02  0.111868471    
   5.19002390      -4.31608073E-02  0.116298638    
   5.20002413      -4.19762395E-02  0.120614722    
   5.21002436      -4.07491028E-02  0.124812350    
   5.22002459      -3.94806042E-02  0.128887266    
   5.23002481      -3.81719917E-02  0.132835329    
   5.24002504      -3.68245542E-02  0.136652529    
   5.25002527      -3.54396142E-02  0.140334979    
   5.26002550      -3.40185426E-02  0.143878937    
   5.27002573      -3.25627439E-02  0.147280797    
   5.28002596      -3.10736541E-02  0.150537074    
   5.29002619      -2.95527466E-02  0.153644443    
   5.30002642      -2.80015264E-02  0.156599715    
   5.31002665      -2.64215283E-02  0.159399867    
   5.32002687      -2.48143189E-02  0.162042022    
   5.33002710      -2.31814925E-02  0.164523453    
   5.34002733      -2.15246659E-02  0.166841596    
   5.35002756      -1.98454875E-02  0.168994069    
   5.36002779      -1.81456245E-02  0.170978621    
   5.37002802      -1.64267663E-02  0.172793180    
   5.38002825      -1.46906208E-02  0.174435854    
   5.39002848      -1.29389167E-02  0.175904915    
   5.40002871      -1.11733973E-02  0.177198812    
   5.41002893      -9.39582195E-03  0.178316146    
   5.42002916      -7.60796247E-03  0.179255724    
   5.43002939      -5.81160141E-03  0.180016518    
   5.44002962      -4.00853064E-03  0.180597678    
   5.45002985      -2.20054970E-03  0.180998534    
   5.46003008      -3.89464170E-04  0.181218594    
   5.47003031       1.42291642E-03  0.181257546    
   5.48003054       3.23478039E-03  0.181115255    
   5.49003077       5.04431548E-03  0.180791780    
   5.50003099       6.84971130E-03  0.180287346    
   5.51003122       8.64916015E-03  0.179602370    
   5.52003145       1.04408599E-02  0.178737447    
   5.53003168       1.22230146E-02  0.177693367    
   5.54003191       1.39938369E-02  0.176471069    
   5.55003214       1.57515518E-02  0.175071687    
   5.56003237       1.74943935E-02  0.173496529    
   5.57003260       1.92206111E-02  0.171747088    
   5.58003283       2.09284723E-02  0.169825032    
   5.59003305       2.26162579E-02  0.167732179    
   5.60003328       2.42822710E-02  0.165470555    
   5.61003351       2.59248354E-02  0.163042322    
   5.62003374       2.75422968E-02  0.160449833    
   5.63003397       2.91330237E-02  0.157695606    
   5.64003420       3.06954142E-02  0.154782310    
   5.65003443       3.22278887E-02  0.151712775    
   5.66003466       3.37289013E-02  0.148489982    
   5.67003489       3.51969376E-02  0.145117089    
   5.68003511       3.66305113E-02  0.141597390    
   5.69003534       3.80281731E-02  0.137934342    
   5.70003557       3.93885039E-02  0.134131521    
   5.71003580       4.07101251E-02  0.130192667    
   5.72003603       4.19916958E-02  0.126121655    
   5.73003626       4.32319157E-02  0.121922486    
   5.74003649       4.44295257E-02  0.117599294    
   5.75003672       4.55833040E-02  0.113156341    
   5.76003695       4.66920771E-02  0.108598009    
   5.77003717       4.77547124E-02  0.103928804    
   5.78003740       4.87701222E-02   9.91533324E-02
   5.79003763       4.97372709E-02   9.42763239E-02
   5.80003786       5.06551638E-02   8.93025994E-02
   5.81003809       5.15228622E-02   8.42370838E-02
   5.82003832       5.23394719E-02   7.90847987E-02
   5.83003855       5.31041510E-02   7.38508552E-02
   5.84003878       5.38161062E-02   6.85404390E-02
   5.85003901       5.44746034E-02   6.31588250E-02
   5.86003923       5.50789572E-02   5.77113628E-02
   5.87003946       5.56285307E-02   5.22034690E-02
   5.88003969       5.61227538E-02   4.66406159E-02
   5.89003992       5.65610975E-02   4.10283394E-02
   5.90004015       5.69430999E-02   3.53722274E-02
   5.91004038       5.72683513E-02   2.96779182E-02
   5.92004061       5.75364977E-02   2.39510834E-02
   5.93004084       5.77472411E-02   1.81974340E-02
   5.94004107       5.79003394E-02   1.24227107E-02
   5.95004129       5.79956174E-02   6.63267681E-03
   5.96004152       5.80329448E-02   8.33115075E-04
   5.97004175       5.80122583E-02  -4.97017894E-03
   5.98004198       5.79335503E-02  -1.07714050E-02
   5.99004221       5.77968694E-02  -1.65647604E-02
   6.00004244       5.76023236E-02  -2.23444477E-02
