 t,x,v
   0.00000000       5.00000007E-02   0.00000000    
   1.99999996E-02   4.99000996E-02  -9.98999923E-03
   3.99999991E-02   4.96008024E-02  -1.99400596E-02
   5.99999987E-02   4.91032973E-02  -2.98104212E-02
   7.99999982E-02   4.84095775E-02  -3.95616367E-02
   9.99999940E-02   4.75224145E-02  -4.91547473E-02
  0.119999990       4.64453511E-02  -5.85514158E-02
  0.139999986       4.51826975E-02  -6.77140951E-02
  0.159999982       4.37394977E-02  -7.66061693E-02
  0.179999977       4.21215147E-02  -8.51921067E-02
  0.199999973       4.03352156E-02  -9.34375972E-02
  0.219999969       3.83877419E-02 -0.101309702    
  0.239999965       3.62868756E-02 -0.108776957    
  0.259999961       3.40410098E-02 -0.115809523    
  0.279999971       3.16591188E-02 -0.122379296    
  0.299999982       2.91507244E-02 -0.128460035    
  0.319999993       2.65258495E-02 -0.134027421    
  0.340000004       2.37949826E-02 -0.139059231    
  0.360000014       2.09690370E-02 -0.143535346    
  0.380000025       1.80593040E-02 -0.147437885    
  0.400000036       1.50774131E-02 -0.150751263    
  0.420000046       1.20352777E-02 -0.153462231    
  0.440000057       8.94505624E-03 -0.155559957    
  0.460000068       5.81909623E-03 -0.157036066    
  0.480000079       2.66988925E-03 -0.157884642    
  0.500000060      -4.89980215E-04 -0.158102319    
  0.520000041      -3.64788529E-03 -0.157688215    
  0.540000021      -6.79120701E-03 -0.156643987    
  0.560000002      -9.90738533E-03 -0.154973820    
  0.579999983      -1.29839666E-02 -0.152684376    
  0.599999964      -1.60086583E-02 -0.149784803    
  0.619999945      -1.89693738E-02 -0.146286711    
  0.639999926      -2.18542814E-02 -0.142204061    
  0.659999907      -2.46518534E-02 -0.137553170    
  0.679999888      -2.73509119E-02 -0.132352620    
  0.699999869      -2.99406685E-02 -0.126623198    
  0.719999850      -3.24107781E-02 -0.120387807    
  0.739999831      -3.47513705E-02 -0.113671355    
  0.759999812      -3.69530879E-02 -0.106500685    
  0.779999793      -3.90071385E-02  -9.89044607E-02
  0.799999774      -4.09053117E-02  -9.09130275E-02
  0.819999754      -4.26400267E-02  -8.25583190E-02
  0.839999735      -4.42043468E-02  -7.38737285E-02
  0.859999716      -4.55920249E-02  -6.48939535E-02
  0.879999697      -4.67975140E-02  -5.56548797E-02
  0.899999678      -4.78159972E-02  -4.61934283E-02
  0.919999659      -4.86434065E-02  -3.65474075E-02
  0.939999640      -4.92764339E-02  -2.67553590E-02
  0.959999621      -4.97125536E-02  -1.68564171E-02
  0.979999602      -4.99500185E-02  -6.89013582E-03
  0.999999583      -4.99878824E-02   3.10365763E-03
   1.01999962      -4.98259924E-02   1.30850282E-02
   1.03999960      -4.94650006E-02   2.30140910E-02
   1.05999959      -4.89063486E-02   3.28511707E-02
   1.07999957      -4.81522679E-02   4.25569564E-02
   1.09999955      -4.72057723E-02   5.20926639E-02
   1.11999953      -4.60706465E-02   6.14201911E-02
   1.13999951      -4.47514206E-02   7.05022663E-02
   1.15999949      -4.32533734E-02   7.93025941E-02
   1.17999947      -4.15824838E-02   8.77860114E-02
   1.19999945      -3.97454351E-02   9.59186181E-02
   1.21999943      -3.77495699E-02  0.103667922    
   1.23999941      -3.56028602E-02  0.111002952    
   1.25999939      -3.33138853E-02  0.117894396    
   1.27999938      -3.08917947E-02  0.124314718    
   1.29999936      -2.83462647E-02  0.130238265    
   1.31999934      -2.56874673E-02  0.135641366    
   1.33999932      -2.29260288E-02  0.140502438    
   1.35999930      -2.00729854E-02  0.144802049    
   1.37999928      -1.71397347E-02  0.148523033    
   1.39999926      -1.41379992E-02  0.151650503    
   1.41999924      -1.10797742E-02  0.154171973    
   1.43999922      -7.97728077E-03  0.156077370    
   1.45999920      -4.84291650E-03  0.157359079    
   1.47999918      -1.68920599E-03  0.158011973    
   1.49999917       1.47124822E-03  0.158033445    
   1.51999915       4.62581683E-03  0.157423422    
   1.53999913       7.76189426E-03  0.156184331    
   1.55999911       1.08669493E-02  0.154321134    
   1.57999909       1.39285736E-02  0.151841283    
   1.59999907       1.69345327E-02  0.148754671    
   1.61999905       1.98728163E-02  0.145073637    
   1.63999903       2.27316804E-02  0.140812904    
   1.65999901       2.54997034E-02  0.135989487    
   1.67999899       2.81658247E-02  0.130622670    
   1.69999897       3.07193901E-02  0.124733895    
   1.71999896       3.31501961E-02  0.118346691    
   1.73999894       3.54485288E-02  0.111486591    
   1.75999892       3.76052037E-02  0.104180999    
   1.77999890       3.96116041E-02   9.64591205E-02
   1.79999888       4.14597131E-02   8.83518010E-02
   1.81999886       4.31421436E-02   7.98914507E-02
   1.83999884       4.46521752E-02   7.11118653E-02
   1.85999882       4.59837765E-02   6.20481372E-02
   1.87999880       4.71316203E-02   5.27364835E-02
   1.89999878       4.80911285E-02   4.32141125E-02
   1.91999876       4.88584600E-02   3.35190780E-02
   1.93999875       4.94305529E-02   2.36901194E-02
   1.95999873       4.98051196E-02   1.37665151E-02
   1.97999871       4.99806628E-02   3.78791895E-03
   1.99999869       4.99564819E-02  -6.20579347E-03
   2.01999879       4.97326776E-02  -1.61746871E-02
   2.03999877       4.93101440E-02  -2.60789264E-02
   2.05999875       4.86905649E-02  -3.58789340E-02
   2.07999873       4.78764176E-02  -4.55355495E-02
   2.09999871       4.68709618E-02  -5.50101846E-02
   2.11999869       4.56782095E-02  -6.42649829E-02
   2.13999867       4.43029292E-02  -7.32629597E-02
   2.15999866       4.27506194E-02  -8.19681585E-02
   2.17999864       4.10274789E-02  -9.03457999E-02
   2.19999862       3.91403995E-02  -9.83624011E-02
   2.21999860       3.70969176E-02 -0.105985925    
   2.23999858       3.49051990E-02 -0.113185920    
   2.25999856       3.25740054E-02 -0.119933605    
   2.27999854       3.01126502E-02 -0.126202017    
   2.29999852       2.75309682E-02 -0.131966114    
   2.31999850       2.48392783E-02 -0.137202874    
   2.33999848       2.20483355E-02 -0.141891360    
   2.35999846       1.91692933E-02 -0.146012828    
   2.37999845       1.62136573E-02 -0.149550825    
   2.39999843       1.31932367E-02 -0.152491212    
   2.41999841       1.01201022E-02 -0.154822245    
   2.43999839       7.00653438E-03 -0.156534597    
   2.45999837       3.86497425E-03 -0.157621428    
   2.47999835       7.07976054E-04 -0.158078402    
   2.49999833      -2.45184498E-03 -0.157903701    
   2.51999831      -5.60186198E-03 -0.157098010    
   2.53999829      -8.72948766E-03 -0.155664563    
   2.55999827      -1.18222237E-02 -0.153609082    
   2.57999825      -1.48677127E-02 -0.150939777    
   2.59999824      -1.78537834E-02 -0.147667333    
   2.61999822      -2.07685046E-02 -0.143804818    
   2.63999820      -2.36002281E-02 -0.139367655    
   2.65999818      -2.63376404E-02 -0.134373590    
   2.67999816      -2.89698020E-02 -0.128842577    
   2.69999814      -3.14861946E-02 -0.122796729    
   2.71999812      -3.38767655E-02 -0.116260193    
   2.73999810      -3.61319594E-02 -0.109259099    
   2.75999808      -3.82427648E-02 -0.101821415    
   2.77999806      -4.02007475E-02  -9.39768702E-02
   2.79999804      -4.19980809E-02  -8.57568085E-02
   2.81999803      -4.36275899E-02  -7.71940798E-02
   2.83999801      -4.50827628E-02  -6.83228970E-02
   2.85999799      -4.63577807E-02  -5.91787137E-02
   2.87999797      -4.74475473E-02  -4.97980714E-02
   2.89999795      -4.83477116E-02  -4.02184576E-02
   2.91999793      -4.90546785E-02  -3.04781478E-02
   2.93999791      -4.95656207E-02  -2.06160676E-02
   2.95999789      -4.98785004E-02  -1.06716249E-02
   2.97999787      -4.99920622E-02  -6.84556551E-04
   2.99999785      -4.99058552E-02   9.30522662E-03
   3.01999784      -4.96202260E-02   1.92578062E-02
   3.03999782      -4.91363108E-02   2.91334111E-02
   3.05999780      -4.84560505E-02   3.88925783E-02
   3.07999778      -4.75821607E-02   4.84963134E-02
   3.09999776      -4.65181321E-02   5.79062365E-02
   3.11999774      -4.52682227E-02   6.70847446E-02
   3.13999772      -4.38374244E-02   7.59951621E-02
   3.15999770      -4.22314517E-02   8.46018866E-02
   3.17999768      -4.04567271E-02   9.28705260E-02
   3.19999766      -3.85203399E-02  0.100768037    
   3.21999764      -3.64300311E-02  0.108262867    
   3.23999763      -3.41941528E-02  0.115325063    
   3.25999761      -3.18216383E-02  0.121926405    
   3.27999759      -2.93219686E-02  0.128040522    
   3.29999757      -2.67051328E-02  0.133642972    
   3.31999755      -2.39815880E-02  0.138711378    
   3.33999753      -2.11622193E-02  0.143225476    
   3.35999751      -1.82582922E-02  0.147167236    
   3.37999749      -1.52814109E-02  0.150520906    
   3.39999747      -1.22434711E-02  0.153273091    
   3.41999745      -9.15661175E-03  0.155412793    
   3.43999743      -6.03316957E-03  0.156931460    
   3.45999742      -2.88562500E-03  0.157823026    
   3.47999740       2.73444370E-04  0.158083931    
   3.49999738       3.43141495E-03  0.157713130    
   3.51999736       6.57566683E-03  0.156712100    
   3.53999734       9.69363656E-03  0.155084863    
   3.55999732       1.27728637E-02  0.152837902    
   3.57999730       1.58010460E-02  0.149980202    
   3.59999728       1.87660791E-02  0.146523193    
   3.61999726       2.16561183E-02  0.142480686    
   3.63999724       2.44596135E-02  0.137868837    
   3.65999722       2.71653626E-02  0.132706076    
   3.67999721       2.97625549E-02  0.127013028    
   3.69999719       3.22408080E-02  0.120812446    
   3.71999717       3.45902257E-02  0.114129111    
   3.73999715       3.68014127E-02  0.106989726    
   3.75999713       3.88655402E-02   9.94228274E-02
   3.77999711       4.07743528E-02   9.14586484E-02
   3.79999709       4.25202288E-02   8.31290185E-02
   3.81999707       4.40961905E-02   7.44672194E-02
   3.83999705       4.54959422E-02   6.55078664E-02
   3.85999703       4.67138886E-02   5.62867597E-02
   3.87999701       4.77451645E-02   4.68407497E-02
   3.89999700       4.85856459E-02   3.72075848E-02
   3.91999698       4.92319800E-02   2.74257567E-02
   3.93999696       4.96815816E-02   1.75343566E-02
   3.95999694       4.99326549E-02   7.57290889E-03
   3.97999692       4.99841981E-02  -2.41878163E-03
   3.99999690       4.98360023E-02  -1.24007864E-02
   4.01999712       4.94886637E-02  -2.23332178E-02
   4.03999710       4.89435643E-02  -3.21763866E-02
   4.05999708       4.82028909E-02  -4.18909565E-02
   4.07999706       4.72696014E-02  -5.14381118E-02
   4.09999704       4.61474247E-02  -6.07797019E-02
   4.11999702       4.48408425E-02  -6.98783994E-02
   4.13999701       4.33550775E-02  -7.86978453E-02
   4.15999699       4.16960716E-02  -8.72027948E-02
   4.17999697       3.98704521E-02  -9.53592658E-02
   4.19999695       3.78855132E-02 -0.103134662    
   4.21999693       3.57491858E-02 -0.110497922    
   4.23999691       3.34700122E-02 -0.117419615    
   4.25999689       3.10570952E-02 -0.123872086    
   4.27999687       2.85200793E-02 -0.129829556    
   4.29999685       2.58691013E-02 -0.135268211    
   4.31999683       2.31147557E-02 -0.140166327    
   4.33999681       2.02680510E-02 -0.144504324    
   4.35999680       1.73403602E-02 -0.148264870    
   4.37999678       1.43433819E-02 -0.151432946    
   4.39999676       1.12890936E-02 -0.153995886    
   4.41999674       8.18970054E-03 -0.155943453    
   4.43999672       5.05758729E-03 -0.157267869    
   4.45999670       1.90527027E-03 -0.157963842    
   4.47999668      -1.25465391E-03 -0.158028588    
   4.49999666      -4.40955814E-03 -0.157461852    
   4.51999664      -7.54683558E-03 -0.156265900    
   4.53999662      -1.06539503E-02 -0.154445514    
   4.55999660      -1.37184849E-02 -0.152007967    
   4.57999659      -1.67281944E-02 -0.148963004    
   4.59999657      -1.96710527E-02 -0.145322785    
   4.61999655      -2.25352999E-02 -0.141101867    
   4.63999653      -2.53094900E-02 -0.136317104    
   4.65999651      -2.79825386E-02 -0.130987629    
   4.67999649      -3.05437632E-02 -0.125134736    
   4.69999647      -3.29829305E-02 -0.118781820    
   4.71999645      -3.52902897E-02 -0.111954264    
   4.73999643      -3.74566279E-02 -0.104679354    
   4.75999641      -3.94732840E-02  -9.69861597E-02
   4.77999640      -4.13321964E-02  -8.89054239E-02
   4.79999638      -4.30259444E-02  -8.04694444E-02
   4.81999636      -4.45477590E-02  -7.17119202E-02
   4.83999634      -4.58915569E-02  -6.26678541E-02
   4.85999632      -4.70519662E-02  -5.33733852E-02
   4.87999630      -4.80243564E-02  -4.38656583E-02
   4.89999628      -4.88048382E-02  -3.41826603E-02
   4.91999626      -4.93902974E-02  -2.43630894E-02
   4.93999624      -4.97783907E-02  -1.44461822E-02
   4.95999622      -4.99675684E-02  -4.47156839E-03
   4.97999620      -4.99570780E-02   5.52089512E-03
   4.99999619      -4.97469567E-02   1.54912770E-02
   5.01999617      -4.93380465E-02   2.53997371E-02
   5.03999615      -4.87319827E-02   3.52066793E-02
   5.05999613      -4.79311869E-02   4.48729172E-02
   5.07999611      -4.69388589E-02   5.43598235E-02
   5.09999609      -4.57589664E-02   6.36294857E-02
   5.11999607      -4.43962254E-02   7.26448670E-02
   5.13999605      -4.28560786E-02   8.13699439E-02
   5.15999603      -4.11446802E-02   8.97698477E-02
   5.17999601      -3.92688736E-02   9.78110135E-02
   5.19999599      -3.72361504E-02  0.105461314    
   5.21999598      -3.50546353E-02  0.112690173    
   5.23999596      -3.27330455E-02  0.119468711    
   5.25999594      -3.02806590E-02  0.125769839    
   5.27999592      -2.77072769E-02  0.131568372    
   5.29999590      -2.50231810E-02  0.136841148    
   5.31999588      -2.22390983E-02  0.141567096    
   5.33999586      -1.93661544E-02  0.145727336    
   5.35999584      -1.64158288E-02  0.149305239    
   5.37999582      -1.33999111E-02  0.152286515    
   5.39999580      -1.03304535E-02  0.154659241    
   5.41999578      -7.21972156E-03  0.156413943    
   5.43999577      -4.08014562E-03  0.157543615    
   5.45999575      -9.24272172E-04  0.158043742    
   5.47999573       2.23528850E-03  0.157912329    
   5.49999571       5.38591063E-03  0.157149896    
   5.51999569       8.51500500E-03  0.155759498    
   5.53999567       1.16100674E-02  0.153746679    
   5.55999565       1.46587295E-02  0.151119500    
   5.57999563       1.76488087E-02  0.147888452    
   5.59999561       2.05683578E-02  0.144066438    
   5.61999559       2.34057102E-02  0.139668748    
   5.63999557       2.61495281E-02  0.134712949    
   5.65999556       2.87888460E-02  0.129218847    
   5.67999554       3.13131176E-02  0.123208396    
   5.69999552       3.37122567E-02  0.116705619    
   5.71999550       3.59766781E-02  0.109736502    
   5.73999548       3.80973294E-02  0.102328889    
   5.75999546       4.00657430E-02   9.45123881E-02
   5.77999544       4.18740511E-02   8.63182247E-02
   5.79999542       4.35150228E-02   7.77791515E-02
   5.81999540       4.49821092E-02   6.89292923E-02
   5.83999538       4.62694429E-02   5.98040074E-02
   5.85999537       4.73718792E-02   5.04397638E-02
   5.87999535       4.82850149E-02   4.08739820E-02
   5.89999533       4.90052067E-02   3.11448872E-02
   5.91999531       4.95295711E-02   2.12913565E-02
   5.93999529       4.98560108E-02   1.13527663E-02
   5.95999527       4.99832295E-02   1.36882998E-03
   5.97999525       4.99107130E-02  -8.62055644E-03
   5.99999523       4.96387519E-02  -1.85754746E-02
