 t,x,v
   0.00000000       5.00000007E-02   0.00000000    
   1.99999996E-02   4.98999991E-02  -9.99011099E-03
   3.99999991E-02   4.96003963E-02  -1.99401751E-02
   5.99999987E-02   4.91023920E-02  -2.98104249E-02
   7.99999982E-02   4.84079793E-02  -3.95614654E-02
   9.99999940E-02   4.75199334E-02  -4.91542742E-02
  0.119999990       4.64418083E-02  -5.85504808E-02
  0.139999986       4.51779142E-02  -6.77124634E-02
  0.159999982       4.37333100E-02  -7.66035169E-02
  0.179999977       4.21137735E-02  -8.51881728E-02
  0.199999973       4.03257832E-02  -9.34320539E-02
  0.219999969       3.83764915E-02 -0.101302192    
  0.239999965       3.62736955E-02 -0.108767211    
  0.259999961       3.40258032E-02 -0.115797207    
  0.279999971       3.16418074E-02 -0.122363962    
  0.299999982       2.91312449E-02 -0.128441259    
  0.319999993       2.65041571E-02 -0.134004802    
  0.340000004       2.37710532E-02 -0.139032304    
  0.360000014       2.09428649E-02 -0.143503681    
  0.380000025       1.80309061E-02 -0.147401035    
  0.400000036       1.50468238E-02 -0.150708809    
  0.420000046       1.20025538E-02 -0.153413773    
  0.440000057       8.91027320E-03 -0.155505061    
  0.460000068       5.78235136E-03 -0.156974331    
  0.480000079       2.63130013E-03 -0.157815695    
  0.500000060      -5.30276331E-04 -0.158025786    
  0.520000041      -3.68973170E-03 -0.157603785    
  0.540000021      -6.83442783E-03 -0.156551376    
  0.560000002      -9.95178614E-03 -0.154872730    
  0.579999983      -1.30293369E-02 -0.152574643    
  0.599999964      -1.60547718E-02 -0.149666294    
  0.619999945      -1.90159883E-02 -0.146159202    
  0.639999926      -2.19011400E-02 -0.142067492    
  0.659999907      -2.46986877E-02 -0.137407526    
  0.679999888      -2.73974407E-02 -0.132197887    
  0.699999869      -2.99866032E-02 -0.126459405    
  0.719999850      -3.24558169E-02 -0.120215073    
  0.739999831      -3.47952060E-02 -0.113489948    
  0.759999812      -3.69954146E-02 -0.106310844    
  0.779999793      -3.90476398E-02  -9.87065062E-02
  0.799999774      -4.09436747E-02  -9.07073766E-02
  0.819999754      -4.26759347E-02  -8.23454037E-02
  0.839999735      -4.42374907E-02  -7.36540183E-02
  0.859999716      -4.56220955E-02  -6.46680593E-02
  0.879999697      -4.68242131E-02  -5.54234721E-02
  0.899999678      -4.78390343E-02  -4.59571369E-02
  0.919999659      -4.86624986E-02  -3.63069586E-02
  0.939999640      -4.92913127E-02  -2.65115872E-02
  0.959999621      -4.97229621E-02  -1.66101381E-02
  0.979999602      -4.99557182E-02  -6.64219260E-03
  0.999999583      -4.99886498E-02   3.35229561E-03
   1.01999962      -4.98216264E-02   1.33333728E-02
   1.03999960      -4.94553149E-02   2.32610852E-02
   1.05999959      -4.88911830E-02   3.30957584E-02
   1.07999957      -4.81314845E-02   4.27980907E-02
   1.09999955      -4.71792594E-02   5.23291528E-02
   1.11999953      -4.60383184E-02   6.16508536E-02
   1.13999951      -4.47132252E-02   7.07259402E-02
   1.15999949      -4.32092808E-02   7.95181841E-02
   1.17999947      -4.15324979E-02   8.79923850E-02
   1.19999945      -3.96895856E-02   9.61145386E-02
   1.21999943      -3.76879163E-02  0.103852250    
   1.23999941      -3.55354957E-02  0.111174583    
   1.25999939      -3.32409330E-02  0.118052214    
   1.27999938      -3.08134072E-02  0.124457620    
   1.29999936      -2.82626282E-02  0.130365238    
   1.31999934      -2.55987979E-02  0.135751396    
   1.33999932      -2.28325725E-02  0.140594557    
   1.35999930      -1.99750159E-02  0.144875333    
   1.37999928      -1.70375593E-02  0.148576587    
   1.39999926      -1.40319522E-02  0.151683554    
   1.41999924      -1.09702172E-02  0.154183790    
   1.43999922      -7.86460098E-03  0.156067267    
   1.45999920      -4.72752657E-03  0.157326475    
   1.47999918      -1.57154200E-03  0.157956392    
   1.49999917       1.59072876E-03  0.157954484    
   1.51999915       4.74663684E-03  0.157320738    
   1.53999913       7.88355805E-03  0.156057715    
   1.55999911       1.09889451E-02  0.154170468    
   1.57999909       1.40503766E-02  0.151666537    
   1.59999907       1.70556065E-02  0.148555949    
   1.61999905       1.99926142E-02  0.144851118    
   1.63999903       2.28496511E-02  0.140566900    
   1.65999901       2.56152898E-02  0.135720432    
   1.67999899       2.82784682E-02  0.130331054    
   1.69999897       3.08285318E-02  0.124420278    
   1.71999896       3.32552791E-02  0.118011795    
   1.73999894       3.55490036E-02  0.111131370    
   1.75999892       3.77005339E-02  0.103806429    
   1.77999890       3.97012606E-02   9.60662067E-02
   1.79999888       4.15431820E-02   8.79417211E-02
   1.81999886       4.32189293E-02   7.94654712E-02
   1.83999884       4.47218008E-02   7.06713647E-02
   1.85999882       4.60457839E-02   6.15946017E-02
   1.87999880       4.71855849E-02   5.22715040E-02
   1.89999878       4.81366441E-02   4.27393243E-02
   1.91999876       4.88951579E-02   3.30361538E-02
   1.93999875       4.94580902E-02   2.32008286E-02
   1.95999873       4.98231910E-02   1.32727437E-02
   1.97999871       4.99890000E-02   3.29157338E-03
   1.99999869       4.99548540E-02  -6.70282170E-03
   2.01999879       4.97208871E-02  -1.66703947E-02
   2.03999877       4.92880382E-02  -2.65712850E-02
   2.05999875       4.86580357E-02  -3.63659114E-02
   2.07999873       4.78334017E-02  -4.60150652E-02
   2.09999871       4.68174331E-02  -5.54801896E-02
   2.11999869       4.56141941E-02  -6.47233799E-02
   2.13999867       4.42284979E-02  -7.37076625E-02
   2.15999866       4.26658876E-02  -8.23970884E-02
   2.17999864       4.09326144E-02  -9.07569230E-02
   2.19999862       3.90356109E-02  -9.87537205E-02
   2.21999860       3.69824655E-02 -0.106355548    
   2.23999858       3.47813889E-02 -0.113531947    
   2.25999856       3.24411876E-02 -0.120254189    
   2.27999854       2.99712215E-02 -0.126495451    
   2.29999852       2.73813698E-02 -0.132230714    
   2.31999850       2.46819928E-02 -0.137437046    
   2.33999848       2.18838882E-02 -0.142093614    
   2.35999846       1.89982485E-02 -0.146181792    
   2.37999845       1.60366166E-02 -0.149685264    
   2.39999843       1.30108381E-02 -0.152590007    
   2.41999841       9.93301626E-03 -0.154884398    
   2.43999839       6.81546237E-03 -0.156559244    
   2.45999837       3.67064658E-03 -0.157607868    
   2.47999835       5.11148188E-04 -0.158026040    
   2.49999833      -2.65039480E-03 -0.157812104    
   2.51999831      -5.80133591E-03 -0.156966910    
   2.53999829      -8.92907102E-03 -0.155493855    
   2.55999827      -1.20210899E-02 -0.153398842    
   2.57999825      -1.50650246E-02 -0.150690258    
   2.59999824      -1.80486999E-02 -0.147378892    
   2.61999822      -2.09601801E-02 -0.143477976    
   2.63999820      -2.37878188E-02 -0.139003158    
   2.65999818      -2.65203062E-02 -0.133972332    
   2.67999816      -2.91467123E-02 -0.128405690    
   2.69999814      -3.16565335E-02 -0.122325405    
   2.71999812      -3.40397283E-02 -0.115755759    
   2.73999810      -3.62867638E-02 -0.108723067    
   2.75999808      -3.83886509E-02 -0.101255439    
   2.77999806      -4.03369814E-02  -9.33827832E-02
   2.79999804      -4.21239622E-02  -8.51366669E-02
   2.81999803      -4.37424481E-02  -7.65500590E-02
   2.83999801      -4.51859646E-02  -6.76572323E-02
   2.85999799      -4.64487374E-02  -5.84937632E-02
   2.87999797      -4.75257151E-02  -4.90963459E-02
   2.89999795      -4.84125912E-02  -3.95025127E-02
   2.91999793      -4.91058156E-02  -2.97506340E-02
   2.93999791      -4.96026166E-02  -1.98798254E-02
   2.95999789      -4.99010086E-02  -9.92948189E-03
   2.97999787      -4.99997959E-02   6.06290996E-05
   2.99999785      -4.98985834E-02   1.00504607E-02
   3.01999784      -4.95977774E-02   2.00000592E-02
   3.03999782      -4.90985811E-02   2.98696570E-02
   3.05999780      -4.84029911E-02   3.96197662E-02
   3.07999778      -4.75137904E-02   4.92114574E-02
   3.09999776      -4.64345329E-02   5.86063601E-02
   3.11999774      -4.51695360E-02   6.77667558E-02
   3.13999772      -4.37238626E-02   7.66560435E-02
   3.15999770      -4.21032943E-02   8.52387398E-02
   3.17999768      -4.03143130E-02   9.34804827E-02
   3.19999766      -3.83640751E-02  0.101348296    
   3.21999764      -3.62603813E-02  0.108810700    
   3.23999763      -3.40116471E-02  0.115837902    
   3.25999761      -3.16268653E-02  0.122401774    
   3.27999759      -2.91155763E-02  0.128475994    
   3.29999757      -2.64878254E-02  0.134036317    
   3.31999755      -2.37541236E-02  0.139060527    
   3.33999753      -2.09254045E-02  0.143528506    
   3.35999751      -1.80129837E-02  0.147422343    
   3.37999749      -1.50285112E-02  0.150726482    
   3.39999747      -1.19839245E-02  0.153427735    
   3.41999745      -8.89140181E-03  0.155515283    
   3.43999743      -5.76331327E-03  0.156980753    
   3.45999742      -2.61217146E-03  0.157818303    
   3.47999740       5.49419026E-04  0.158024579    
   3.49999738       3.70881171E-03  0.157598764    
   3.51999736       6.85336953E-03  0.156542569    
   3.53999734       9.97051410E-03  0.154860169    
   3.55999732       1.30477762E-02  0.152558327    
   3.57999730       1.60728469E-02  0.149646237    
   3.59999728       1.90336257E-02  0.146135598    
   3.61999726       2.19182707E-02  0.142040431    
   3.63999724       2.47152429E-02  0.137377068    
   3.65999722       2.74133533E-02  0.132164180    
   3.67999721       3.00018098E-02  0.126422659    
   3.69999719       3.24702598E-02  0.120175399    
   3.71999717       3.48088257E-02  0.113447383    
   3.73999715       3.70081551E-02  0.106265679    
   3.75999713       3.90594527E-02   9.86589119E-02
   3.77999711       4.09545116E-02   9.06574577E-02
   3.79999709       4.26857509E-02   8.22934359E-02
   3.81999707       4.42462489E-02   7.36002848E-02
   3.83999705       4.56297621E-02   6.46126494E-02
   3.85999703       4.68307547E-02   5.53665683E-02
   3.87999701       4.78444248E-02   4.58990224E-02
   3.89999700       4.86667156E-02   3.62479128E-02
   3.91999698       4.92943414E-02   2.64518894E-02
   3.93999696       4.97247912E-02   1.65499747E-02
   3.95999694       4.99563403E-02   6.58184290E-03
   3.97999692       4.99880649E-02  -3.41255218E-03
   3.99999690       4.98198383E-02  -1.33933499E-02
   4.01999712       4.94523309E-02  -2.33205967E-02
   4.03999710       4.88870144E-02  -3.31545249E-02
   4.05999708       4.81261499E-02  -4.28558327E-02
   4.07999706       4.71727811E-02  -5.23856841E-02
   4.09999704       4.60307226E-02  -6.17059879E-02
   4.11999702       4.47045416E-02  -7.07794949E-02
   4.13999701       4.31995429E-02  -7.95698762E-02
   4.15999699       4.15217467E-02  -8.80420208E-02
   4.17999697       3.96778621E-02  -9.61620361E-02
   4.19999695       3.76752652E-02 -0.103897415    
   4.21999693       3.55219655E-02 -0.111217149    
   4.23999691       3.32265794E-02 -0.118091986    
   4.25999689       3.07982862E-02 -0.124494500    
   4.27999687       2.82467995E-02 -0.130399033    
   4.29999685       2.55823247E-02 -0.135781989    
   4.31999683       2.28155199E-02 -0.140621796    
   4.33999681       1.99574530E-02 -0.144899085    
   4.35999680       1.70195568E-02 -0.148596764    
   4.37999678       1.40135828E-02 -0.151700065    
   4.39999676       1.09515544E-02 -0.154196590    
   4.41999674       7.84571934E-03 -0.156076327    
   4.43999672       4.70850151E-03 -0.157331750    
   4.45999670       1.55244966E-03 -0.157957837    
   4.47999668      -1.60981202E-03 -0.157952100    
   4.49999666      -4.76563442E-03 -0.157314584    
   4.51999664      -7.90239498E-03 -0.156047776    
   4.53999662      -1.10075455E-02 -0.154156774    
   4.55999660      -1.40686659E-02 -0.151649162    
   4.57999659      -1.70735121E-02 -0.148534939    
   4.59999657      -2.00100634E-02 -0.144826576    
   4.61999655      -2.28665750E-02 -0.140538901    
   4.63999653      -2.56316196E-02 -0.135689095    
   4.65999651      -2.82941386E-02 -0.130296543    
   4.67999649      -3.08434814E-02 -0.124382786    
   4.69999647      -3.32694501E-02 -0.117971472    
   4.71999645      -3.55623402E-02 -0.111088254    
   4.73999643      -3.77129801E-02 -0.103760697    
   4.75999641      -3.97127680E-02  -9.60181504E-02
   4.77999640      -4.15537059E-02  -8.78915191E-02
   4.79999638      -4.32284288E-02  -7.94133171E-02
   4.81999636      -4.47302386E-02  -7.06174448E-02
   4.83999634      -4.60531265E-02  -6.15390949E-02
   4.85999632      -4.71918024E-02  -5.22146001E-02
   4.87999630      -4.81417105E-02  -4.26812097E-02
   4.89999628      -4.88990508E-02  -3.29771079E-02
   4.91999626      -4.94607948E-02  -2.31411308E-02
   4.93999624      -4.98246960E-02  -1.32125802E-02
   4.95999622      -4.99892980E-02  -3.23113054E-03
   4.97999620      -4.99539413E-02   6.76326454E-03
   4.99999619      -4.97187674E-02   1.67305581E-02
   5.01999617      -4.92847189E-02   2.66308896E-02
   5.03999615      -4.86535318E-02   3.64246778E-02
   5.05999613      -4.78277318E-02   4.60728072E-02
   5.07999611      -4.68106195E-02   5.55367209E-02
   5.09999609      -4.56062630E-02   6.47784248E-02
   5.11999607      -4.42194827E-02   7.37609342E-02
   5.13999605      -4.26558256E-02   8.24484080E-02
   5.15999603      -4.09215465E-02   9.08060968E-02
   5.17999601      -3.90235819E-02   9.88005698E-02
   5.19999599      -3.69695239E-02  0.106399879    
   5.21999598      -3.47675867E-02  0.113573581    
   5.23999596      -3.24265808E-02  0.120292976    
   5.25999594      -2.99558677E-02  0.126531258    
   5.27999592      -2.73653306E-02  0.132263407    
   5.29999590      -2.46653315E-02  0.137466475    
   5.31999588      -2.18666717E-02  0.142119646    
   5.33999586      -1.89805459E-02  0.146204323    
   5.35999584      -1.60184987E-02  0.149704218    
   5.37999582      -1.29923774E-02  0.152605310    
   5.39999580      -9.91428643E-03  0.154895976    
   5.41999578      -6.79653836E-03  0.156567067    
   5.43999577      -3.65160406E-03  0.157611877    
   5.45999575      -4.92063351E-04  0.158026248    
   5.47999573       2.66944570E-03  0.157808512    
   5.49999571       5.82027715E-03  0.156959534    
   5.51999569       8.94782692E-03  0.155482695    
   5.53999567       1.20395850E-02  0.153383940    
   5.55999565       1.50831845E-02  0.150671646    
   5.57999563       1.80664510E-02  0.147356704    
   5.59999561       2.09774524E-02  0.143452317    
   5.61999559       2.38045435E-02  0.138974100    
   5.63999557       2.65364163E-02  0.133939981    
   5.65999556       2.91621424E-02  0.128370062    
   5.67999554       3.16712186E-02  0.122286662    
   5.69999552       3.40536088E-02  0.115714133    
   5.71999550       3.62997837E-02  0.108678736    
   5.73999548       3.84007581E-02  0.101208597    
   5.75999546       4.03481275E-02   9.33337063E-02
   5.77999544       4.21341062E-02   8.50855410E-02
   5.79999542       4.37515490E-02   7.64969736E-02
   5.81999540       4.51939851E-02   6.76023811E-02
   5.83999538       4.64556441E-02   5.84374182E-02
   5.85999537       4.75314818E-02   4.90386970E-02
   5.87999535       4.84171920E-02   3.94437462E-02
   5.89999533       4.91092317E-02   2.96910293E-02
   5.91999531       4.96048331E-02   1.98195688E-02
   5.93999529       4.99020144E-02   9.86885279E-03
   5.95999527       4.99995872E-02  -1.21351331E-04
   5.97999525       4.98971604E-02  -1.01110898E-02
   5.99999523       4.95951436E-02  -1.51008368E-02
