# t x v Ek Ep ET
  0.00000000E+00  5.00000007E-02  0.00000000E+00  0.00000000E+00  2.50000018E-03  2.50000018E-03
  9.99999978E-03  4.99750003E-02 -4.99999989E-03  2.49999994E-06  2.49750074E-03  2.50000064E-03
  1.99999996E-02  4.99000102E-02 -9.99750011E-03  9.99500116E-06  2.49001104E-03  2.50000600E-03
  2.99999993E-02  4.97750863E-02 -1.49875004E-02  2.24625164E-05  2.47755926E-03  2.50002183E-03
  3.99999991E-02  4.96003218E-02 -1.99650079E-02  3.98601551E-05  2.46019196E-03  2.50005210E-03
  4.99999970E-02  4.93758731E-02 -2.49250401E-02  6.21257641E-05  2.43797689E-03  2.50010262E-03
  5.99999949E-02  4.91019338E-02 -2.98626274E-02  8.91776508E-05  2.41099996E-03  2.50017759E-03
  6.99999928E-02  4.87787575E-02 -3.47728208E-02  1.20914905E-04  2.37936713E-03  2.50028213E-03
  7.99999908E-02  4.84066382E-02 -3.96506973E-02  1.57217772E-04  2.34320271E-03  2.50042044E-03
  8.99999887E-02  4.79859263E-02 -4.44913618E-02  1.97948117E-04  2.30264920E-03  2.50059739E-03
  9.99999866E-02  4.75170165E-02 -4.92899530E-02  2.42949958E-04  2.25786678E-03  2.50081671E-03
  1.09999985E-01  4.70003560E-02 -5.40416539E-02  2.92050041E-04  2.20903335E-03  2.50108331E-03
  1.19999982E-01  4.64364402E-02 -5.87416887E-02  3.45058594E-04  2.15634308E-03  2.50140158E-03
  1.29999980E-01  4.58258018E-02 -6.33853301E-02  4.01769998E-04  2.10000412E-03  2.50177411E-03
  1.39999986E-01  4.51690331E-02 -6.79679066E-02  4.61963617E-04  2.04024161E-03  2.50220532E-03
  1.49999991E-01  4.44667712E-02 -7.24848062E-02  5.25404699E-04  1.97729375E-03  2.50269845E-03
  1.59999996E-01  4.37196903E-02 -7.69314840E-02  5.91845368E-04  1.91141129E-03  2.50325678E-03
  1.70000002E-01  4.29285169E-02 -8.13034549E-02  6.61025231E-04  1.84285757E-03  2.50388286E-03
  1.80000007E-01  4.20940183E-02 -8.55963081E-02  7.32672808E-04  1.77190639E-03  2.50457926E-03
  1.90000013E-01  4.12170067E-02 -8.98057073E-02  8.06506549E-04  1.69884169E-03  2.50534830E-03
  2.00000018E-01  4.02983427E-02 -9.39274058E-02  8.82235763E-04  1.62395637E-03  2.50619208E-03
  2.10000023E-01  3.93389203E-02 -9.79572386E-02  9.59562080E-04  1.54755067E-03  2.50711269E-03
  2.20000029E-01  3.83396782E-02 -1.01891130E-01  1.03818020E-03  1.46993087E-03  2.50811107E-03
  2.30000034E-01  3.73015963E-02 -1.05725095E-01  1.11777964E-03  1.39140908E-03  2.50918884E-03
  2.40000039E-01  3.62256914E-02 -1.09455258E-01  1.19804533E-03  1.31230068E-03  2.51034601E-03
  2.50000030E-01  3.51130255E-02 -1.13077827E-01  1.27865956E-03  1.23292452E-03  2.51158420E-03
  2.60000020E-01  3.39646898E-02 -1.16589129E-01  1.35930243E-03  1.15360017E-03  2.51290249E-03
  2.70000011E-01  3.27818133E-02 -1.19985595E-01  1.43965427E-03  1.07464730E-03  2.51430157E-03
  2.80000001E-01  3.15655656E-02 -1.23263776E-01  1.51939585E-03  9.96384886E-04  2.51578074E-03
  2.89999992E-01  3.03171463E-02 -1.26420334E-01  1.59821007E-03  9.19129350E-04  2.51733931E-03
  2.99999982E-01  2.90377848E-02 -1.29452050E-01  1.67578331E-03  8.43192916E-04  2.51897611E-03
  3.09999973E-01  2.77287457E-02 -1.32355824E-01  1.75180647E-03  7.68883328E-04  2.52068974E-03
  3.19999963E-01  2.63913237E-02 -1.35128692E-01  1.82597642E-03  6.96501986E-04  2.52247835E-03
  3.29999954E-01  2.50268411E-02 -1.37767822E-01  1.89799722E-03  6.26342779E-04  2.52434006E-03
  3.39999944E-01  2.36366503E-02 -1.40270501E-01  1.96758145E-03  5.58691216E-04  2.52627255E-03
  3.49999934E-01  2.22221259E-02 -1.42634168E-01  2.03445065E-03  4.93822852E-04  2.52827350E-03
  3.59999925E-01  2.07846742E-02 -1.44856378E-01  2.09833705E-03  4.32002678E-04  2.53033964E-03
  3.69999915E-01  1.93257183E-02 -1.46934852E-01  2.15898524E-03  3.73483374E-04  2.53246864E-03
  3.79999906E-01  1.78467073E-02 -1.48867428E-01  2.21615122E-03  3.18504957E-04  2.53465609E-03
  3.89999896E-01  1.63491089E-02 -1.50652096E-01  2.26960541E-03  2.67293362E-04  2.53689871E-03
  3.99999887E-01  1.48344142E-02 -1.52287006E-01  2.31913337E-03  2.20059839E-04  2.53919326E-03
  4.09999877E-01  1.33041274E-02 -1.53770447E-01  2.36453512E-03  1.76999805E-04  2.54153484E-03
  4.19999868E-01  1.17597701E-02 -1.55100852E-01  2.40562740E-03  1.38292191E-04  2.54391949E-03
  4.29999858E-01  1.02028819E-02 -1.56276822E-01  2.44224444E-03  1.04098799E-04  2.54634325E-03
  4.39999849E-01  8.63501243E-03 -1.57297105E-01  2.47423793E-03  7.45634388E-05  2.54880148E-03
  4.49999839E-01  7.05772359E-03 -1.58160612E-01  2.50147795E-03  4.98114605E-05  2.55128951E-03
  4.59999830E-01  5.47258882E-03 -1.58866391E-01  2.52385321E-03  2.99492276E-05  2.55380245E-03
  4.69999820E-01  3.88118858E-03 -1.59413651E-01  2.54127127E-03  1.50636251E-05  2.55633495E-03
  4.79999810E-01  2.28511146E-03 -1.59801766E-01  2.55366042E-03  5.22173423E-06  2.55888212E-03
  4.89999801E-01  6.85951265E-04 -1.60030276E-01  2.56096898E-03  4.70529130E-07  2.56143953E-03
  4.99999791E-01 -9.14694450E-04 -1.60098866E-01  2.56316480E-03  8.36665947E-07  2.56400136E-03
  5.09999812E-01 -2.51522590E-03 -1.60007402E-01  2.56023696E-03  6.32636147E-06  2.56656343E-03
  5.19999802E-01 -4.11404204E-03 -1.59755886E-01  2.55219429E-03  1.69253417E-05  2.56911968E-03
  5.29999793E-01 -5.70954429E-03 -1.59344479E-01  2.53906636E-03  3.25988949E-05  2.57166522E-03
  5.39999783E-01 -7.30013428E-03 -1.58773527E-01  2.52090325E-03  5.32919621E-05  2.57419515E-03
  5.49999774E-01 -8.88421945E-03 -1.58043519E-01  2.49777525E-03  7.89293554E-05  2.57670460E-03
  5.59999764E-01 -1.04602119E-02 -1.57155097E-01  2.46977247E-03  1.09416033E-04  2.57918844E-03
  5.69999754E-01 -1.20265326E-02 -1.56109080E-01  2.43700459E-03  1.44637481E-04  2.58164201E-03
  5.79999745E-01 -1.35816103E-02 -1.54906422E-01  2.39959988E-03  1.84460136E-04  2.58405996E-03
  5.89999735E-01 -1.51238833E-02 -1.53548256E-01  2.35770666E-03  2.28731849E-04  2.58643855E-03
  5.99999726E-01 -1.66518036E-02 -1.52035862E-01  2.31149024E-03  2.77282554E-04  2.58877268E-03
  6.09999716E-01 -1.81638356E-02 -1.50370687E-01  2.26113456E-03  3.29924922E-04  2.59105954E-03
  6.19999707E-01 -1.96584594E-02 -1.48554310E-01  2.20683846E-03  3.86455038E-04  2.59329355E-03
  6.29999697E-01 -2.11341735E-02 -1.46588460E-01  2.14881776E-03  4.46653285E-04  2.59547099E-03
  6.39999688E-01 -2.25894917E-02 -1.44475043E-01  2.08730390E-03  5.10285143E-04  2.59758905E-03
  6.49999678E-01 -2.40229461E-02 -1.42216086E-01  2.02254159E-03  5.77101950E-04  2.59964354E-03
  6.59999669E-01 -2.54330952E-02 -1.39813796E-01  1.95478997E-03  6.46842353E-04  2.60163238E-03
  6.69999659E-01 -2.68185176E-02 -1.37270480E-01  1.88431854E-03  7.19232892E-04  2.60355137E-03
  6.79999650E-01 -2.81778127E-02 -1.34588629E-01  1.81140995E-03  7.93989107E-04  2.60539912E-03
  6.89999640E-01 -2.95096096E-02 -1.31770849E-01  1.73635583E-03  8.70817050E-04  2.60717282E-03
  6.99999630E-01 -3.08125634E-02 -1.28819883E-01  1.65945629E-03  9.49414039E-04  2.60887039E-03
  7.09999621E-01 -3.20853554E-02 -1.25738621E-01  1.58102007E-03  1.02947000E-03  2.61049019E-03
  7.19999611E-01 -3.33267003E-02 -1.22530088E-01  1.50136219E-03  1.11066899E-03  2.61203106E-03
  7.29999602E-01 -3.45353372E-02 -1.19197421E-01  1.42080255E-03  1.19268952E-03  2.61349208E-03
  7.39999592E-01 -3.57100442E-02 -1.15743890E-01  1.33966480E-03  1.27520727E-03  2.61487206E-03
  7.49999583E-01 -3.68496291E-02 -1.12172887E-01  1.25827570E-03  1.35789521E-03  2.61617079E-03
  7.59999573E-01 -3.79529335E-02 -1.08487926E-01  1.17696298E-03  1.44042517E-03  2.61738803E-03
  7.69999564E-01 -3.90188359E-02 -1.04692630E-01  1.09605480E-03  1.52246957E-03  2.61852425E-03
  7.79999554E-01 -4.00462523E-02 -1.00790747E-01  1.01587747E-03  1.60370232E-03  2.61957990E-03
  7.89999545E-01 -4.10341360E-02 -9.67861190E-02  9.36755270E-04  1.68380036E-03  2.62055569E-03
  7.99999535E-01 -4.19814773E-02 -9.26827043E-02  8.59008345E-04  1.76244439E-03  2.62145279E-03
  8.09999526E-01 -4.28873114E-02 -8.84845555E-02  7.82951654E-04  1.83932146E-03  2.62227305E-03
  8.19999516E-01 -4.37507145E-02 -8.41958225E-02  7.08893640E-04  1.91412505E-03  2.62301881E-03
  8.29999506E-01 -4.45707962E-02 -7.98207521E-02  6.37135236E-04  1.98655599E-03  2.62369122E-03
  8.39999497E-01 -4.53467183E-02 -7.53636733E-02  5.67968353E-04  2.05632485E-03  2.62429332E-03
  8.49999487E-01 -4.60776836E-02 -7.08290040E-02  5.01674775E-04  2.12315284E-03  2.62482767E-03
  8.59999478E-01 -4.67629358E-02 -6.62212372E-02  4.38525254E-04  2.18677218E-03  2.62529752E-03
  8.69999468E-01 -4.74017672E-02 -6.15449436E-02  3.78778030E-04  2.24692747E-03  2.62570544E-03
  8.79999459E-01 -4.79935147E-02 -5.68047687E-02  3.22678185E-04  2.30337749E-03  2.62605562E-03
  8.89999449E-01 -4.85375635E-02 -5.20054176E-02  2.70456367E-04  2.35589501E-03  2.62635131E-03
  8.99999440E-01 -4.90333475E-02 -4.71516624E-02  2.22327930E-04  2.40426906E-03  2.62659695E-03
  9.09999430E-01 -4.94803488E-02 -4.22483273E-02  1.78492119E-04  2.44830502E-03  2.62679718E-03
  9.19999421E-01 -4.98780906E-02 -3.73002924E-02  1.39131182E-04  2.48782383E-03  2.62695504E-03
  9.29999411E-01 -5.02261519E-02 -3.23124826E-02  1.04409657E-04  2.52266624E-03  2.62707588E-03
  9.39999402E-01 -5.05241640E-02 -2.72898674E-02  7.44736899E-05  2.55269115E-03  2.62716482E-03
  9.49999392E-01 -5.07718027E-02 -2.22374517E-02  4.94504311E-05  2.57777586E-03  2.62722629E-03
  9.59999382E-01 -5.09687923E-02 -1.71602722E-02  2.94474939E-05  2.59781769E-03  2.62726517E-03
  9.69999373E-01 -5.11149094E-02 -1.20633934E-02  1.45525455E-05  2.61273398E-03  2.62728659E-03
  9.79999363E-01 -5.12099825E-02 -6.95190253E-03  4.83289477E-06  2.62246234E-03  2.62729521E-03
  9.89999354E-01 -5.12538962E-02 -1.83090474E-03  3.35221216E-07  2.62696180E-03  2.62729707E-03
  9.99999344E-01 -5.12465797E-02  3.29448469E-03  1.08536301E-06  2.62621185E-03  2.62729730E-03
  1.00999939E+00 -5.11880107E-02  8.41914210E-03  7.08819562E-06  2.62021250E-03  2.62730080E-03
  1.01999938E+00 -5.10782264E-02  1.35379434E-02  1.83275915E-05  2.60898517E-03  2.62731267E-03
  1.02999938E+00 -5.09173051E-02  1.86457653E-02  3.47664572E-05  2.59257201E-03  2.62733852E-03
  1.03999937E+00 -5.07053882E-02  2.37374958E-02  5.63468748E-05  2.57103634E-03  2.62738322E-03
  1.04999936E+00 -5.04426584E-02  2.88080350E-02  8.29902929E-05  2.54446175E-03  2.62745214E-03
  1.05999935E+00 -5.01293577E-02  3.38523015E-02  1.14597839E-04  2.51295255E-03  2.62755039E-03
  1.06999934E+00 -4.97657694E-02  3.88652384E-02  1.51050670E-04  2.47663190E-03  2.62768264E-03
  1.07999933E+00 -4.93522361E-02  4.38418165E-02  1.92210486E-04  2.43564323E-03  2.62785377E-03
  1.08999932E+00 -4.88891415E-02  4.87770401E-02  2.37919972E-04  2.39014812E-03  2.62806797E-03
  1.09999931E+00 -4.83769253E-02  5.36659546E-02  2.88003474E-04  2.34032678E-03  2.62833014E-03
  1.10999930E+00 -4.78160791E-02  5.85036464E-02  3.42267653E-04  2.28637736E-03  2.62864493E-03
  1.11999929E+00 -4.72071320E-02  6.32852539E-02  4.00502322E-04  2.22851336E-03  2.62901559E-03
  1.12999928E+00 -4.65506762E-02  6.80059642E-02  4.62481112E-04  2.16696551E-03  2.62944656E-03
  1.13999927E+00 -4.58473414E-02  7.26610348E-02  5.27962577E-04  2.10197875E-03  2.62994133E-03
  1.14999926E+00 -4.50978056E-02  7.72457719E-02  5.96690923E-04  2.03381199E-03  2.63050292E-03
  1.15999925E+00 -4.43027988E-02  8.17555487E-02  6.68396999E-04  1.96273788E-03  2.63113482E-03
  1.16999924E+00 -4.34630923E-02  8.61858279E-02  7.42799719E-04  1.88904034E-03  2.63184006E-03
  1.17999923E+00 -4.25795019E-02  9.05321389E-02  8.19606823E-04  1.81301392E-03  2.63262074E-03
  1.18999922E+00 -4.16528918E-02  9.47900862E-02  8.98516097E-04  1.73496339E-03  2.63347942E-03
  1.19999921E+00 -4.06841636E-02  9.89553779E-02  9.79216653E-04  1.65520119E-03  2.63441773E-03
  1.20999920E+00 -3.96742672E-02  1.03023797E-01  1.06139027E-03  1.57404749E-03  2.63543776E-03
  1.21999919E+00 -3.86241935E-02  1.06991224E-01  1.14471221E-03  1.49182836E-03  2.63654068E-03
  1.22999918E+00 -3.75349708E-02  1.10853642E-01  1.22885301E-03  1.40887406E-03  2.63772719E-03
  1.23999918E+00 -3.64076681E-02  1.14607140E-01  1.31347962E-03  1.32551824E-03  2.63899798E-03
  1.24999917E+00 -3.52433920E-02  1.18247904E-01  1.39825675E-03  1.24209665E-03  2.64035352E-03
  1.25999916E+00 -3.40432934E-02  1.21772245E-01  1.48284796E-03  1.15894584E-03  2.64179381E-03
  1.26999915E+00 -3.28085497E-02  1.25176579E-01  1.56691764E-03  1.07640098E-03  2.64331861E-03
  1.27999914E+00 -3.15403827E-02  1.28457427E-01  1.65013119E-03  9.94795701E-04  2.64492678E-03
  1.28999913E+00 -3.02400365E-02  1.31611466E-01  1.73215778E-03  9.14459815E-04  2.64661759E-03
  1.29999912E+00 -2.89088022E-02  1.34635463E-01  1.81267073E-03  8.35718820E-04  2.64838943E-03
  1.30999911E+00 -2.75479928E-02  1.37526348E-01  1.89134968E-03  7.58891925E-04  2.65024160E-03
  1.31999910E+00 -2.61589549E-02  1.40281141E-01  1.96787971E-03  6.84290950E-04  2.65217060E-03
  1.32999909E+00 -2.47430634E-02  1.42897040E-01  2.04195641E-03  6.12219214E-04  2.65417574E-03
  1.33999908E+00 -2.33017206E-02  1.45371348E-01  2.11328291E-03  5.42970200E-04  2.65625305E-03
  1.34999907E+00 -2.18363572E-02  1.47701517E-01  2.18157377E-03  4.76826506E-04  2.65840022E-03
  1.35999906E+00 -2.03484241E-02  1.49885148E-01  2.24655564E-03  4.14058362E-04  2.66061397E-03
  1.36999905E+00 -1.88393984E-02  1.51919991E-01  2.30796845E-03  3.54922930E-04  2.66289129E-03
  1.37999904E+00 -1.73107795E-02  1.53803930E-01  2.36556493E-03  2.99663079E-04  2.66522798E-03
  1.38999903E+00 -1.57640837E-02  1.55535012E-01  2.41911388E-03  2.48506345E-04  2.66762031E-03
  1.39999902E+00 -1.42008523E-02  1.57111421E-01  2.46839994E-03  2.01664210E-04  2.67006410E-03
  1.40999901E+00 -1.26226377E-02  1.58531502E-01  2.51322379E-03  1.59330986E-04  2.67255469E-03
  1.41999900E+00 -1.10310111E-02  1.59793764E-01  2.55340477E-03  1.21683210E-04  2.67508789E-03
  1.42999899E+00 -9.42755863E-03  1.60896868E-01  2.58878036E-03  8.88788636E-05  2.67765927E-03
  1.43999898E+00 -7.81387649E-03  1.61839619E-01  2.61920621E-03  6.10566640E-05  2.68026278E-03
  1.44999897E+00 -6.19157357E-03  1.62621006E-01  2.64455914E-03  3.83355837E-05  2.68289470E-03
  1.45999897E+00 -4.56226803E-03  1.63240165E-01  2.66473531E-03  2.08142901E-05  2.68554967E-03
  1.46999896E+00 -2.92758527E-03  1.63696393E-01  2.67965090E-03  8.57075520E-06  2.68822163E-03
  1.47999895E+00 -1.28915755E-03  1.63989156E-01  2.68924446E-03  1.66192717E-06  2.69090640E-03
  1.48999894E+00  3.51378578E-04  1.64118066E-01  2.69347406E-03  1.23466904E-07  2.69359746E-03
  1.49999893E+00  1.99238327E-03  1.64082929E-01  2.69232085E-03  3.96959103E-06  2.69629038E-03
  1.50999892E+00  3.63221625E-03  1.63883686E-01  2.68578622E-03  1.31929946E-05  2.69897911E-03
  1.51999891E+00  5.26923686E-03  1.63520470E-01  2.67389440E-03  2.77648578E-05  2.70165922E-03
  1.52999890E+00  6.90180669E-03  1.62993550E-01  2.65668961E-03  4.76349342E-05  2.70432443E-03
  1.53999889E+00  8.52829125E-03  1.62303373E-01  2.63423845E-03  7.27317529E-05  2.70697009E-03
  1.54999888E+00  1.01470603E-02  1.61450550E-01  2.60662823E-03  1.02962833E-04  2.70959106E-03
  1.55999887E+00  1.17564918E-02  1.60435840E-01  2.57396582E-03  1.38215095E-04  2.71218084E-03
  1.56999886E+00  1.33549720E-02  1.59260198E-01  2.53638113E-03  1.78355273E-04  2.71473639E-03
  1.57999885E+00  1.49408961E-02  1.57924697E-01  2.49402109E-03  2.23230381E-04  2.71725142E-03
  1.58999884E+00  1.65126715E-02  1.56430602E-01  2.44705356E-03  2.72668316E-04  2.71972176E-03
  1.59999883E+00  1.80687197E-02  1.54779330E-01  2.39566411E-03  3.26478621E-04  2.72214273E-03
  1.60999882E+00  1.96074788E-02  1.52972460E-01  2.34005740E-03  3.84453218E-04  2.72451062E-03
  1.61999881E+00  2.11274009E-02  1.51011705E-01  2.28045369E-03  4.46367078E-04  2.72682076E-03
  1.62999880E+00  2.26269551E-02  1.48898959E-01  2.21708999E-03  5.11979102E-04  2.72906898E-03
  1.63999879E+00  2.41046306E-02  1.46636263E-01  2.15021940E-03  5.81033237E-04  2.73125269E-03
  1.64999878E+00  2.55589392E-02  1.44225806E-01  2.08010827E-03  6.53259398E-04  2.73336773E-03
  1.65999877E+00  2.69884169E-02  1.41669914E-01  2.00703647E-03  7.28374638E-04  2.73541105E-03
  1.66999876E+00  2.83916220E-02  1.38971075E-01  1.93129596E-03  8.06084194E-04  2.73738010E-03
  1.67999876E+00  2.97671370E-02  1.36131912E-01  1.85318978E-03  8.86082475E-04  2.73927231E-03
  1.68999875E+00  3.11135724E-02  1.33155197E-01  1.77303073E-03  9.68054403E-04  2.74108513E-03
  1.69999874E+00  3.24295685E-02  1.30043834E-01  1.69113989E-03  1.05167693E-03  2.74281669E-03
  1.70999873E+00  3.37137915E-02  1.26800880E-01  1.60784635E-03  1.13661971E-03  2.74446607E-03
  1.71999872E+00  3.49649452E-02  1.23429500E-01  1.52348413E-03  1.22254738E-03  2.74603162E-03
  1.72999871E+00  3.61817591E-02  1.19933002E-01  1.43839256E-03  1.30911975E-03  2.74751242E-03
  1.73999870E+00  3.73630002E-02  1.16314828E-01  1.35291403E-03  1.39599375E-03  2.74890778E-03
  1.74999869E+00  3.85074653E-02  1.12578526E-01  1.26739254E-03  1.48282491E-03  2.75021745E-03
  1.75999868E+00  3.96139994E-02  1.08727783E-01  1.18217315E-03  1.56926899E-03  2.75144214E-03
  1.76999867E+00  4.06814702E-02  1.04766384E-01  1.09759951E-03  1.65498198E-03  2.75258161E-03
  1.77999866E+00  4.17087935E-02  1.00698240E-01  1.01401366E-03  1.73962349E-03  2.75363727E-03
  1.78999865E+00  4.26949225E-02  9.65273604E-02  9.31753137E-04  1.82285637E-03  2.75460957E-03
  1.79999864E+00  4.36388515E-02  9.22578648E-02  8.51151359E-04  1.90434931E-03  2.75550061E-03
  1.80999863E+00  4.45396118E-02  8.78939778E-02  7.72535161E-04  1.98377692E-03  2.75631202E-03
  1.81999862E+00  4.53962833E-02  8.34400132E-02  6.96223637E-04  2.06082244E-03  2.75704614E-03
  1.82999861E+00  4.62079868E-02  7.89003819E-02  6.22527034E-04  2.13517807E-03  2.75770505E-03
  1.83999860E+00  4.69738878E-02  7.42795840E-02  5.51745703E-04  2.20654602E-03  2.75829178E-03
  1.84999859E+00  4.76931967E-02  6.95821941E-02  4.84168151E-04  2.27464107E-03  2.75880913E-03
  1.85999858E+00  4.83651720E-02  6.48128763E-02  4.20070923E-04  2.33918987E-03  2.75926082E-03
  1.86999857E+00  4.89891209E-02  5.99763580E-02  3.59716360E-04  2.39993399E-03  2.75965035E-03
  1.87999856E+00  4.95643914E-02  5.50774448E-02  3.03352484E-04  2.45662895E-03  2.75998143E-03
  1.88999856E+00  5.00903837E-02  5.01210056E-02  2.51211546E-04  2.50904658E-03  2.76025804E-03
  1.89999855E+00  5.05665503E-02  4.51119691E-02  2.03508986E-04  2.55697593E-03  2.76048481E-03
  1.90999854E+00  5.09923883E-02  4.00553159E-02  1.60442825E-04  2.60022376E-03  2.76066666E-03
  1.91999853E+00  5.13674468E-02  3.49560753E-02  1.22192723E-04  2.63861450E-03  2.76080729E-03
  1.92999852E+00  5.16913235E-02  2.98193302E-02  8.89192452E-05  2.67199287E-03  2.76091206E-03
  1.93999851E+00  5.19636720E-02  2.46501975E-02  6.07632210E-05  2.70022312E-03  2.76098633E-03
  1.94999850E+00  5.21841943E-02  1.94538310E-02  3.78451550E-05  2.72319023E-03  2.76103546E-03
  1.95999849E+00  5.23526408E-02  1.42354118E-02  2.02646952E-05  2.74079898E-03  2.76106363E-03
  1.96999848E+00  5.24688177E-02  9.00014769E-03  8.10026631E-06  2.75297672E-03  2.76107690E-03
  1.97999847E+00  5.25325872E-02  3.75326583E-03  1.40870043E-06  2.75967270E-03  2.76108133E-03
  1.98999846E+00  5.25438525E-02 -1.49999280E-03  2.24997848E-07  2.76085641E-03  2.76108133E-03
  1.99999845E+00  5.25025800E-02 -6.75437832E-03  4.56216276E-06  2.75652087E-03  2.76108296E-03
  2.00999856E+00  5.24087846E-02 -1.20046362E-02  1.44111300E-05  2.74668075E-03  2.76109180E-03
  2.01999855E+00  5.22625335E-02 -1.72455143E-02  2.97407769E-05  2.73137237E-03  2.76111322E-03
  2.02999854E+00  5.20639457E-02 -2.24717669E-02  5.04980344E-05  2.71065440E-03  2.76115234E-03
  2.03999853E+00  5.18131964E-02 -2.76781619E-02  7.66080630E-05  2.68460740E-03  2.76121544E-03
  2.04999852E+00  5.15105091E-02 -3.28594819E-02  1.07974563E-04  2.65333266E-03  2.76130717E-03
  2.05999851E+00  5.11561558E-02 -3.80105339E-02  1.44480073E-04  2.61695217E-03  2.76143220E-03
  2.06999850E+00  5.07504717E-02 -4.31261510E-02  1.85986501E-04  2.57561030E-03  2.76159681E-03
  2.07999849E+00  5.02938330E-02 -4.82011959E-02  2.32335529E-04  2.52946955E-03  2.76180496E-03
  2.08999848E+00  4.97866757E-02 -5.32305799E-02  2.83349480E-04  2.47871317E-03  2.76206271E-03
  2.09999847E+00  4.92294766E-02 -5.82092479E-02  3.38831655E-04  2.42354139E-03  2.76237307E-03
  2.10999846E+00  4.86227721E-02 -6.31321967E-02  3.98567412E-04  2.36417400E-03  2.76274141E-03
  2.11999846E+00  4.79671396E-02 -6.79944754E-02  4.62324882E-04  2.30084639E-03  2.76317121E-03
  2.12999845E+00  4.72632125E-02 -7.27911890E-02  5.29855723E-04  2.23381119E-03  2.76366691E-03
  2.13999844E+00  4.65116687E-02 -7.75175095E-02  6.00896485E-04  2.16333522E-03  2.76423176E-03
  2.14999843E+00  4.57132384E-02 -8.21686760E-02  6.75169169E-04  2.08970020E-03  2.76486948E-03
  2.15999842E+00  4.48686928E-02 -8.67400020E-02  7.52382795E-04  2.01319950E-03  2.76558241E-03
  2.16999841E+00  4.39788587E-02 -9.12268683E-02  8.32234160E-04  1.93413999E-03  2.76637403E-03
  2.17999840E+00  4.30446006E-02 -9.56247523E-02  9.14409291E-04  1.85283762E-03  2.76724692E-03
  2.18999839E+00  4.20668311E-02 -9.99292135E-02  9.98584786E-04  1.76961825E-03  2.76820315E-03
  2.19999838E+00  4.10465077E-02 -1.04135893E-01  1.08442851E-03  1.68481574E-03  2.76924437E-03
  2.20999837E+00  3.99846248E-02 -1.08240545E-01  1.17160159E-03  1.59877026E-03  2.77037174E-03
  2.21999836E+00  3.88822258E-02 -1.12239011E-01  1.25975953E-03  1.51182746E-03  2.77158711E-03
  2.22999835E+00  3.77403945E-02 -1.16127230E-01  1.34855334E-03  1.42433739E-03  2.77289073E-03
  2.23999834E+00  3.65602523E-02 -1.19901270E-01  1.43763144E-03  1.33665209E-03  2.77428352E-03
  2.24999833E+00  3.53429578E-02 -1.23557292E-01  1.52664050E-03  1.24912465E-03  2.77576502E-03
  2.25999832E+00  3.40897106E-02 -1.27091587E-01  1.61522720E-03  1.16210838E-03  2.77733570E-03
  2.26999831E+00  3.28017510E-02 -1.30500555E-01  1.70303963E-03  1.07595487E-03  2.77899439E-03
  2.27999830E+00  3.14803421E-02 -1.33780733E-01  1.78972841E-03  9.91011970E-04  2.78074038E-03
  2.28999829E+00  3.01267952E-02 -1.36928767E-01  1.87494874E-03  9.07623791E-04  2.78257253E-03
  2.29999828E+00  2.87424438E-02 -1.39941454E-01  1.95836113E-03  8.26128060E-04  2.78448919E-03
  2.30999827E+00  2.73286588E-02 -1.42815694E-01  2.03963229E-03  7.46855570E-04  2.78648781E-03
  2.31999826E+00  2.58868374E-02 -1.45548567E-01  2.11843848E-03  6.70128327E-04  2.78856675E-03
  2.32999825E+00  2.44184081E-02 -1.48137257E-01  2.19446491E-03  5.96258673E-04  2.79072346E-03
  2.33999825E+00  2.29248255E-02 -1.50579095E-01  2.26740632E-03  5.25547599E-04  2.79295398E-03
  2.34999824E+00  2.14075726E-02 -1.52871579E-01  2.33697216E-03  4.58284165E-04  2.79525621E-03
  2.35999823E+00  1.98681522E-02 -1.55012339E-01  2.40288256E-03  3.94743460E-04  2.79762596E-03
  2.36999822E+00  1.83080956E-02 -1.56999156E-01  2.46487348E-03  3.35186371E-04  2.80005997E-03
  2.37999821E+00  1.67289488E-02 -1.58829972E-01  2.52269604E-03  2.79857719E-04  2.80255382E-03
  2.38999820E+00  1.51322847E-02 -1.60502866E-01  2.57611717E-03  2.28986042E-04  2.80510332E-03
  2.39999819E+00  1.35196904E-02 -1.62016094E-01  2.62492150E-03  1.82782023E-04  2.80770357E-03
  2.40999818E+00  1.18927695E-02 -1.63368061E-01  2.66891229E-03  1.41437966E-04  2.81035015E-03
  2.41999817E+00  1.02531426E-02 -1.64557338E-01  2.70791166E-03  1.05126936E-04  2.81303865E-03
  2.42999816E+00  8.60244222E-03 -1.65582657E-01  2.74176174E-03  7.40020114E-05  2.81576370E-03
  2.43999815E+00  6.94231456E-03 -1.66442901E-01  2.77032400E-03  4.81957322E-05  2.81851972E-03
  2.44999814E+00  5.27441455E-03 -1.67137131E-01  2.79348227E-03  2.78194493E-05  2.82130181E-03
  2.45999813E+00  3.60040599E-03 -1.67664573E-01  2.81114108E-03  1.29629234E-05  2.82410393E-03
  2.46999812E+00  1.92196004E-03 -1.68024614E-01  2.82322709E-03  3.69393047E-06  2.82692094E-03
  2.47999811E+00  2.40752968E-04 -1.68216810E-01  2.82968953E-03  5.79619908E-08  2.82974751E-03
  2.48999810E+00 -1.44153554E-03 -1.68240890E-01  2.83049978E-03  2.07802464E-06  2.83257780E-03
  2.49999809E+00 -3.12322355E-03 -1.68096736E-01  2.82565132E-03  9.75452531E-06  2.83540576E-03
  2.50999808E+00 -4.80262889E-03 -1.67784408E-01  2.81516067E-03  2.30652440E-05  2.83822580E-03
  2.51999807E+00 -6.47807168E-03 -1.67304143E-01  2.79906765E-03  4.19654134E-05  2.84103304E-03
  2.52999806E+00 -8.14787392E-03 -1.66656330E-01  2.77743326E-03  6.63878527E-05  2.84382119E-03
  2.53999805E+00 -9.81036387E-03 -1.65841550E-01  2.75034201E-03  9.62432387E-05  2.84658535E-03
  2.54999804E+00 -1.14638740E-02 -1.64860517E-01  2.71789893E-03  1.31420413E-04  2.84931925E-03
  2.55999804E+00 -1.31067466E-02 -1.63714126E-01  2.68023158E-03  1.71786800E-04  2.85201846E-03
  2.56999803E+00 -1.47373341E-02 -1.62403449E-01  2.63748807E-03  2.17189023E-04  2.85467715E-03
  2.57999802E+00 -1.63540002E-02 -1.60929710E-01  2.58983718E-03  2.67453317E-04  2.85729044E-03
  2.58999801E+00 -1.79551207E-02 -1.59294307E-01  2.53746775E-03  3.22386360E-04  2.85985414E-03
  2.59999800E+00 -1.95390861E-02 -1.57498792E-01  2.48058699E-03  3.81775899E-04  2.86236289E-03
  2.60999799E+00 -2.11043041E-02 -1.55544877E-01  2.41942098E-03  4.45391663E-04  2.86481273E-03
  2.61999798E+00 -2.26492006E-02 -1.53434440E-01  2.35421280E-03  5.12986269E-04  2.86719901E-03
  2.62999797E+00 -2.41722204E-02 -1.51169524E-01  2.28522252E-03  5.84296242E-04  2.86951871E-03
  2.63999796E+00 -2.56718285E-02 -1.48752302E-01  2.21272465E-03  6.59042795E-04  2.87176738E-03
  2.64999795E+00 -2.71465164E-02 -1.46185115E-01  2.13700882E-03  7.36933376E-04  2.87394226E-03
  2.65999794E+00 -2.85947938E-02 -1.43470466E-01  2.05837749E-03  8.17662221E-04  2.87603959E-03
  2.66999793E+00 -3.00152004E-02 -1.40610993E-01  1.97714521E-03  9.00912273E-04  2.87805754E-03
  2.67999792E+00 -3.14063020E-02 -1.37609467E-01  1.89363665E-03  9.86355823E-04  2.87999259E-03
  2.68999791E+00 -3.27666961E-02 -1.34468839E-01  1.80818688E-03  1.07365637E-03  2.88184313E-03
  2.69999790E+00 -3.40950005E-02 -1.31192163E-01  1.72113837E-03  1.16246904E-03  2.88360752E-03
  2.70999789E+00 -3.53898741E-02 -1.27782658E-01  1.63284072E-03  1.25244318E-03  2.88528390E-03
  2.71999788E+00 -3.66500057E-02 -1.24243669E-01  1.54364889E-03  1.34322292E-03  2.88687181E-03
  2.72999787E+00 -3.78741175E-02 -1.20578669E-01  1.45392155E-03  1.43444876E-03  2.88837031E-03
  2.73999786E+00 -3.90609689E-02 -1.16791256E-01  1.36401970E-03  1.52575935E-03  2.88977893E-03
  2.74999785E+00 -4.02093492E-02 -1.12885162E-01  1.27430598E-03  1.61679182E-03  2.89109768E-03
  2.75999784E+00 -4.13180962E-02 -1.08864225E-01  1.18514197E-03  1.70718506E-03  2.89232703E-03
  2.76999784E+00 -4.23860773E-02 -1.04732417E-01  1.09688786E-03  1.79657957E-03  2.89346743E-03
  2.77999783E+00 -4.34122086E-02 -1.00493811E-01  1.00990059E-03  1.88461982E-03  2.89452029E-03
  2.78999782E+00 -4.43954393E-02 -9.61525887E-02  9.24532011E-04  1.97095494E-03  2.89548701E-03
  2.79999781E+00 -4.53347676E-02 -9.17130411E-02  8.41128174E-04  2.05524126E-03  2.89636943E-03
  2.80999780E+00 -4.62292284E-02 -8.71795639E-02  7.60027615E-04  2.13714154E-03  2.89716921E-03
  2.81999779E+00 -4.70779091E-02 -8.25566426E-02  6.81559963E-04  2.21632957E-03  2.89788959E-03
  2.82999778E+00 -4.78799343E-02 -7.78488517E-02  6.06044370E-04  2.29248800E-03  2.89853243E-03
  2.83999777E+00 -4.86344844E-02 -7.30608553E-02  5.33788872E-04  2.36531300E-03  2.89910194E-03
  2.84999776E+00 -4.93407734E-02 -6.81974068E-02  4.65088611E-04  2.43451190E-03  2.89960043E-03
  2.85999775E+00 -4.99980785E-02 -6.32633269E-02  4.00224846E-04  2.49980786E-03  2.90003279E-03
  2.86999774E+00 -5.06057106E-02 -5.82635179E-02  3.39463761E-04  2.56093801E-03  2.90040183E-03
  2.87999773E+00 -5.11630438E-02 -5.32029457E-02  2.83055328E-04  2.61765695E-03  2.90071219E-03
  2.88999772E+00 -5.16694933E-02 -4.80866432E-02  2.31232523E-04  2.66973651E-03  2.90096900E-03
  2.89999771E+00 -5.21245264E-02 -4.29196954E-02  1.84210032E-04  2.71696621E-03  2.90117622E-03
  2.90999770E+00 -5.25276624E-02 -3.77072431E-02  1.42183620E-04  2.75915535E-03  2.90133897E-03
  2.91999769E+00 -5.28784730E-02 -3.24544758E-02  1.05329302E-04  2.79613282E-03  2.90146214E-03
  2.92999768E+00 -5.31765781E-02 -2.71666273E-02  7.38025628E-05  2.82774842E-03  2.90155108E-03
  2.93999767E+00 -5.34216575E-02 -2.18489692E-02  4.77377434E-05  2.85387342E-03  2.90161115E-03
  2.94999766E+00 -5.36134355E-02 -1.65068023E-02  2.72474517E-05  2.87440047E-03  2.90164794E-03
  2.95999765E+00 -5.37516959E-02 -1.11454586E-02  1.24221251E-05  2.88924482E-03  2.90166703E-03
  2.96999764E+00 -5.38362749E-02 -5.77028934E-03  3.32962418E-06  2.89834454E-03  2.90167425E-03
  2.97999763E+00 -5.38670607E-02 -3.86661850E-04  1.49507393E-08  2.90166028E-03  2.90167518E-03
  2.98999763E+00 -5.38439937E-02  5.00004413E-03  2.50004427E-06  2.89917574E-03  2.90167588E-03
  2.99999762E+00 -5.37670702E-02  1.03844432E-02  1.07836668E-05  2.89089791E-03  2.90168147E-03
  3.00999761E+00 -5.36363423E-02  1.57611500E-02  2.48413853E-05  2.87685730E-03  2.90169870E-03
  3.01999760E+00 -5.34519106E-02  2.11247839E-02  4.46256490E-05  2.85710674E-03  2.90173246E-03
  3.02999759E+00 -5.32139391E-02  2.64699757E-02  7.00659657E-05  2.83172331E-03  2.90178927E-03
  3.03999758E+00 -5.29226325E-02  3.17913704E-02  1.01069127E-04  2.80080503E-03  2.90187425E-03
  3.04999757E+00 -5.25782593E-02  3.70836332E-02  1.37519586E-04  2.76447344E-03  2.90199299E-03
  3.05999756E+00 -5.21811321E-02  4.23414595E-02  1.79279930E-04  2.72287056E-03  2.90215039E-03
  3.06999755E+00 -5.17316274E-02  4.75595742E-02  2.26191318E-04  2.67616124E-03  2.90235248E-03
  3.07999754E+00 -5.12301661E-02  5.27327359E-02  2.78074149E-04  2.62452988E-03  2.90260394E-03
  3.08999753E+00 -5.06772250E-02  5.78557514E-02  3.34728800E-04  2.56818114E-03  2.90290988E-03
  3.09999752E+00 -5.00733294E-02  6.29234761E-02  3.95936397E-04  2.50733830E-03  2.90327473E-03
  3.10999751E+00 -4.94190566E-02  6.79308102E-02  4.61459480E-04  2.44224304E-03  2.90370244E-03
  3.11999750E+00 -4.87150401E-02  7.28727132E-02  5.31043275E-04  2.37315521E-03  2.90419860E-03
  3.12999749E+00 -4.79619578E-02  7.77442157E-02  6.04416302E-04  2.30034930E-03  2.90476554E-03
  3.13999748E+00 -4.71605361E-02  8.25404078E-02  6.81291916E-04  2.22411612E-03  2.90540792E-03
  3.14999747E+00 -4.63115498E-02  8.72564614E-02  7.61369010E-04  2.14475975E-03  2.90612876E-03
  3.15999746E+00 -4.54158299E-02  9.18876156E-02  8.44333437E-04  2.06259754E-03  2.90693110E-03
  3.16999745E+00 -4.44742441E-02  9.64291990E-02  9.29859001E-04  1.97795848E-03  2.90781748E-03
  3.17999744E+00 -4.34877165E-02  1.00876622E-01  1.01760926E-03  1.89118145E-03  2.90879072E-03
  3.18999743E+00 -4.24572043E-02  1.05225392E-01  1.10723835E-03  1.80261419E-03  2.90985266E-03
  3.19999743E+00 -4.13837209E-02  1.09471112E-01  1.19839248E-03  1.71261234E-03  2.91100470E-03
  3.20999742E+00 -4.02683206E-02  1.13609485E-01  1.29071146E-03  1.62153761E-03  2.91224895E-03
  3.21999741E+00 -3.91120911E-02  1.17636316E-01  1.38383021E-03  1.52975565E-03  2.91358586E-03
  3.22999740E+00 -3.79161686E-02  1.21547528E-01  1.47738017E-03  1.43763586E-03  2.91501591E-03
  3.23999739E+00 -3.66817340E-02  1.25339150E-01  1.57099031E-03  1.34554959E-03  2.91654002E-03
  3.24999738E+00 -3.54100019E-02  1.29007325E-01  1.66428892E-03  1.25386822E-03  2.91815726E-03
  3.25999737E+00 -3.41022238E-02  1.32548332E-01  1.75690593E-03  1.16296171E-03  2.91986763E-03
  3.26999736E+00 -3.27596888E-02  1.35958552E-01  1.84847286E-03  1.07319723E-03  2.92167021E-03
  3.27999735E+00 -3.13837230E-02  1.39234528E-01  1.93862547E-03  9.84938117E-04  2.92356359E-03
  3.28999734E+00 -2.99756844E-02  1.42372906E-01  2.02700449E-03  8.98541650E-04  2.92554614E-03
  3.29999733E+00 -2.85369661E-02  1.45370468E-01  2.11325730E-03  8.14358413E-04  2.92761577E-03
  3.30999732E+00 -2.70689931E-02  1.48224160E-01  2.19704024E-03  7.32730376E-04  2.92977062E-03
  3.31999731E+00 -2.55732182E-02  1.50931060E-01  2.27801851E-03  6.53989497E-04  2.93200789E-03
  3.32999730E+00 -2.40511205E-02  1.53488383E-01  2.35586846E-03  5.78456384E-04  2.93432479E-03
  3.33999729E+00 -2.25042123E-02  1.55893490E-01  2.43027811E-03  5.06439595E-04  2.93671759E-03
  3.34999728E+00 -2.09340248E-02  1.58143908E-01  2.50094966E-03  4.38233401E-04  2.93918303E-03
  3.35999727E+00 -1.93421189E-02  1.60237312E-01  2.56759976E-03  3.74117575E-04  2.94171739E-03
  3.36999726E+00 -1.77300759E-02  1.62171528E-01  2.62996065E-03  3.14355595E-04  2.94431625E-03
  3.37999725E+00 -1.60994958E-02  1.63944542E-01  2.68778135E-03  2.59193766E-04  2.94697518E-03
  3.38999724E+00 -1.44520011E-02  1.65554494E-01  2.74082902E-03  2.08860336E-04  2.94968928E-03
  3.39999723E+00 -1.27892299E-02  1.66999698E-01  2.78888992E-03  1.63564400E-04  2.95245438E-03
  3.40999722E+00 -1.11128390E-02  1.68278620E-01  2.83176941E-03  1.23495192E-04  2.95526464E-03
  3.41999722E+00 -9.42449644E-03  1.69389904E-01  2.86929403E-03  8.88211362E-05  2.95811519E-03
  3.42999721E+00 -7.72588560E-03  1.70332357E-01  2.90131127E-03  5.96893078E-05  2.96100066E-03
  3.43999720E+00 -6.01869915E-03  1.71104953E-01  2.92769051E-03  3.62247411E-05  2.96391523E-03
  3.44999719E+00 -4.30464000E-03  1.71706825E-01  2.94832350E-03  1.85299250E-05  2.96685332E-03
  3.45999718E+00 -2.58541945E-03  1.72137290E-01  2.96312454E-03  6.68439361E-06  2.96980888E-03
  3.46999717E+00 -8.62753892E-04  1.72395825E-01  2.97203218E-03  7.44344277E-07  2.97277654E-03
  3.47999716E+00  8.61635664E-04  1.72482103E-01  2.97500752E-03  7.42416034E-07  2.97575002E-03
  3.48999715E+00  2.58602598E-03  1.72395945E-01  2.97203637E-03  6.68753046E-06  2.97872396E-03
  3.49999714E+00  4.30869218E-03  1.72137335E-01  2.96312640E-03  1.85648278E-05  2.98169116E-03
  3.50999713E+00  6.02791132E-03  1.71706468E-01  2.94831116E-03  3.63357140E-05  2.98464694E-03
  3.51999712E+00  7.74196209E-03  1.71103671E-01  2.92764674E-03  5.99379782E-05  2.98758480E-03
  3.52999711E+00  9.44912806E-03  1.70329481E-01  2.90121324E-03  8.92860189E-05  2.99049937E-03
  3.53999710E+00  1.11476984E-02  1.69384569E-01  2.86911312E-03  1.24271173E-04  2.99338438E-03
  3.54999709E+00  1.28359701E-02  1.68269798E-01  2.83147255E-03  1.64762125E-04  2.99623469E-03
  3.55999708E+00  1.45122502E-02  1.66986197E-01  2.78843916E-03  2.10605402E-04  2.99904449E-03
  3.56999707E+00  1.61748547E-02  1.65534973E-01  2.74018268E-03  2.61625915E-04  3.00180865E-03
  3.57999706E+00  1.78221166E-02  1.63917482E-01  2.68689427E-03  3.17627855E-04  3.00452206E-03
  3.58999705E+00  1.94523800E-02  1.62135273E-01  2.62878463E-03  3.78395081E-04  3.00717959E-03
  3.59999704E+00  2.10640058E-02  1.60190031E-01  2.56608473E-03  4.43692348E-04  3.00977705E-03
  3.60999703E+00  2.26553753E-02  1.58083633E-01  2.49904371E-03  5.13266015E-04  3.01230978E-03
  3.61999702E+00  2.42248829E-02  1.55818090E-01  2.42792792E-03  5.86844981E-04  3.01477290E-03
  3.62999701E+00  2.57709511E-02  1.53395608E-01  2.35302141E-03  6.64141902E-04  3.01716337E-03
  3.63999701E+00  2.72920206E-02  1.50818512E-01  2.27462244E-03  7.44854391E-04  3.01947678E-03
  3.64999700E+00  2.87865605E-02  1.48089305E-01  2.19304417E-03  8.28666089E-04  3.02171032E-03
  3.65999699E+00  3.02530602E-02  1.45210654E-01  2.10861349E-03  9.15247656E-04  3.02386121E-03
  3.66999698E+00  3.16900425E-02  1.42185345E-01  2.02166731E-03  1.00425875E-03  3.02592618E-03
  3.67999697E+00  3.30960527E-02  1.39016345E-01  1.93255453E-03  1.09534874E-03  3.02790338E-03
  3.68999696E+00  3.44696678E-02  1.35706738E-01  1.84163195E-03  1.18815806E-03  3.02979001E-03
  3.69999695E+00  3.58095020E-02  1.32259771E-01  1.74926466E-03  1.28232047E-03  3.03158513E-03
  3.70999694E+00  3.71141955E-02  1.28678828E-01  1.65582413E-03  1.37746346E-03  3.03328759E-03
  3.71999693E+00  3.83824296E-02  1.24967411E-01  1.56168535E-03  1.47321087E-03  3.03489622E-03
  3.72999692E+00  3.96129116E-02  1.21129170E-01  1.46722759E-03  1.56918273E-03  3.03641031E-03
  3.73999691E+00  4.08043973E-02  1.17167875E-01  1.37283118E-03  1.66499882E-03  3.03782988E-03
  3.74999690E+00  4.19556722E-02  1.13087438E-01  1.27887691E-03  1.76027848E-03  3.03915539E-03
  3.75999689E+00  4.30655703E-02  1.08891875E-01  1.18574407E-03  1.85464334E-03  3.04038730E-03
  3.76999688E+00  4.41329554E-02  1.04585320E-01  1.09380891E-03  1.94771774E-03  3.04152677E-03
  3.77999687E+00  4.51567434E-02  1.00172028E-01  1.00344361E-03  2.03913148E-03  3.04257497E-03
  3.78999686E+00  4.61358838E-02  9.56563503E-02  9.15013719E-04  2.12851982E-03  3.04353354E-03
  3.79999685E+00  4.70693819E-02  9.10427645E-02  8.28878488E-04  2.21552677E-03  3.04440525E-03
  3.80999684E+00  4.79562730E-02  8.63358229E-02  7.45387457E-04  2.29980401E-03  3.04519152E-03
  3.81999683E+00  4.87956516E-02  8.15401971E-02  6.64880383E-04  2.38101557E-03  3.04589607E-03
  3.82999682E+00  4.95866574E-02  7.66606331E-02  5.87685267E-04  2.45883665E-03  3.04652192E-03
  3.83999681E+00  5.03284708E-02  7.17019662E-02  5.14117244E-04  2.53295503E-03  3.04707233E-03
  3.84999681E+00  5.10203280E-02  6.66691214E-02  4.44477191E-04  2.60307384E-03  3.04755103E-03
  3.85999680E+00  5.16615100E-02  6.15670905E-02  3.79050674E-04  2.66891159E-03  3.04796221E-03
  3.86999679E+00  5.22513501E-02  5.64009398E-02  3.18106584E-04  2.73020356E-03  3.04831006E-03
  3.87999678E+00  5.27892336E-02  5.11758029E-02  2.61896290E-04  2.78670317E-03  3.04859946E-03
  3.88999677E+00  5.32745980E-02  4.58968803E-02  2.10652361E-04  2.83818273E-03  3.04883509E-03
  3.89999676E+00  5.37069291E-02  4.05694209E-02  1.64587793E-04  2.88443430E-03  3.04902205E-03
  3.90999675E+00  5.40857725E-02  3.51987258E-02  1.23895035E-04  2.92527070E-03  3.04916571E-03
  3.91999674E+00  5.44107184E-02  2.97901481E-02  8.87452916E-05  2.96052638E-03  3.04927165E-03
  3.92999673E+00  5.46814129E-02  2.43490767E-02  5.92877514E-05  2.99005699E-03  3.04934476E-03
  3.93999672E+00  5.48975654E-02  1.88809354E-02  3.56489727E-05  3.01374262E-03  3.04939155E-03
  3.94999671E+00  5.50589263E-02  1.33911790E-02  1.79323670E-05  3.03148548E-03  3.04941786E-03
  3.95999670E+00  5.51653095E-02  7.88528658E-03  6.21777463E-06  3.04321130E-03  3.04942904E-03
  3.96999669E+00  5.52165806E-02  2.36875564E-03  5.61100364E-07  3.04887071E-03  3.04943183E-03
  3.97999668E+00  5.52126616E-02 -3.15290224E-03  9.94079301E-07  3.04843811E-03  3.04943230E-03
  3.98999667E+00  5.51535226E-02 -8.67416896E-03  7.52412097E-06  3.04191117E-03  3.04943533E-03
  3.99999666E+00  5.50392009E-02 -1.41895209E-02  2.01342500E-05  3.02931364E-03  3.04944790E-03
  4.00999689E+00  5.48697859E-02 -1.96934417E-02  3.87831642E-05  3.01069347E-03  3.04947654E-03
  4.01999712E+00  5.46454191E-02 -2.51804199E-02  6.34053577E-05  2.98612192E-03  3.04952729E-03
  4.02999735E+00  5.43662943E-02 -3.06449607E-02  9.39113597E-05  2.95569398E-03  3.04960529E-03
  4.03999758E+00  5.40326610E-02 -3.60815898E-02  1.30188113E-04  2.91952840E-03  3.04971659E-03
  4.04999781E+00  5.36448285E-02 -4.14848551E-02  1.72099317E-04  2.87776766E-03  3.04986699E-03
  4.05999804E+00  5.32031581E-02 -4.68493365E-02  2.19486028E-04  2.83057592E-03  3.05006187E-03
  4.06999826E+00  5.27080633E-02 -5.21696508E-02  2.72167235E-04  2.77813990E-03  3.05030704E-03
  4.07999849E+00  5.21600135E-02 -5.74404560E-02  3.29940609E-04  2.72066705E-03  3.05060763E-03
  4.08999872E+00  5.15595265E-02 -6.26564547E-02  3.92583170E-04  2.65838485E-03  3.05096805E-03
  4.09999895E+00  5.09071834E-02 -6.78124055E-02  4.59852250E-04  2.59154127E-03  3.05139343E-03
  4.10999918E+00  5.02036028E-02 -7.29031265E-02  5.31486643E-04  2.52040173E-03  3.05188843E-03
  4.11999941E+00  4.94494699E-02 -7.79234841E-02  6.07206952E-04  2.44525005E-03  3.05245700E-03
  4.12999964E+00  4.86455113E-02 -8.28684345E-02  6.86717744E-04  2.36638566E-03  3.05310334E-03
  4.13999987E+00  4.77925055E-02 -8.77329856E-02  7.69707665E-04  2.28412356E-03  3.05383117E-03
  4.15000010E+00  4.68912795E-02 -9.25122350E-02  8.55851395E-04  2.19879206E-03  3.05464352E-03
  4.16000032E+00  4.59427088E-02 -9.72013623E-02  9.44810454E-04  2.11073249E-03  3.05554294E-03
  4.17000055E+00  4.49477248E-02 -1.01795636E-01  1.03623513E-03  2.02029804E-03  3.05653317E-03
  4.18000078E+00  4.39072922E-02 -1.06290407E-01  1.12976506E-03  1.92785030E-03  3.05761537E-03
  4.19000101E+00  4.28224355E-02 -1.10681139E-01  1.22503145E-03  1.83376099E-03  3.05879256E-03
  4.20000124E+00  4.16942127E-02 -1.14963382E-01  1.32165791E-03  1.73840742E-03  3.06006521E-03
  4.21000147E+00  4.05237339E-02 -1.19132802E-01  1.41926249E-03  1.64217304E-03  3.06143565E-03
  4.22000170E+00  3.93121429E-02 -1.23185173E-01  1.51745870E-03  1.54544460E-03  3.06290342E-03
  4.23000193E+00  3.80606353E-02 -1.27116382E-01  1.61585759E-03  1.44861196E-03  3.06446943E-03
  4.24000216E+00  3.67704444E-02 -1.30922452E-01  1.71406881E-03  1.35206559E-03  3.06613441E-03
  4.25000238E+00  3.54428366E-02 -1.34599492E-01  1.81170239E-03  1.25619466E-03  3.06789717E-03
  4.26000261E+00  3.40791196E-02 -1.38143778E-01  1.90837029E-03  1.16138638E-03  3.06975655E-03
  4.27000284E+00  3.26806419E-02 -1.41551688E-01  2.00368813E-03  1.06802431E-03  3.07171233E-03
  4.28000307E+00  3.12487837E-02 -1.44819751E-01  2.09727604E-03  9.76486481E-04  3.07376264E-03
  4.29000330E+00  2.97849625E-02 -1.47944629E-01  2.18876149E-03  8.87144008E-04  3.07590561E-03
  4.30000353E+00  2.82906238E-02 -1.50923133E-01  2.27777916E-03  8.00359412E-04  3.07813846E-03
  4.31000376E+00  2.67672483E-02 -1.53752193E-01  2.36397376E-03  7.16485607E-04  3.08045931E-03
  4.32000399E+00  2.52163429E-02 -1.56428918E-01  2.44700070E-03  6.35863922E-04  3.08286468E-03
  4.33000422E+00  2.36394461E-02 -1.58950552E-01  2.52652797E-03  5.58823405E-04  3.08535132E-03
  4.34000444E+00  2.20381208E-02 -1.61314502E-01  2.60223704E-03  4.85678756E-04  3.08791571E-03
  4.35000467E+00  2.04139557E-02 -1.63518310E-01  2.67382385E-03  4.16729599E-04  3.09055345E-03
  4.36000490E+00  1.87685657E-02 -1.65559709E-01  2.74100178E-03  3.52259056E-04  3.09326081E-03
  4.37000513E+00  1.71035845E-02 -1.67436570E-01  2.80350051E-03  2.92532612E-04  3.09603312E-03
  4.38000536E+00  1.54206678E-02 -1.69146925E-01  2.86106835E-03  2.37796994E-04  3.09886527E-03
  4.39000559E+00  1.37214884E-02 -1.70688987E-01  2.91347294E-03  1.88279242E-04  3.10175214E-03
  4.40000582E+00  1.20077375E-02 -1.72061130E-01  2.96050333E-03  1.44185760E-04  3.10468907E-03
  4.41000605E+00  1.02811223E-02 -1.73261911E-01  3.00196907E-03  1.05701474E-04  3.10767046E-03
  4.42000628E+00  8.54336284E-03 -1.74290016E-01  3.03770113E-03  7.29890453E-05  3.11069028E-03
  4.43000650E+00  6.79619098E-03 -1.75144359E-01  3.06755467E-03  4.61882119E-05  3.11374292E-03
  4.44000673E+00  5.04134921E-03 -1.75823972E-01  3.09140678E-03  2.54152019E-05  3.11682187E-03
  4.45000696E+00  3.28058889E-03 -1.76328108E-01  3.10916011E-03  1.07622636E-05  3.11992248E-03
  4.46000719E+00  1.51566754E-03 -1.76656172E-01  3.12074041E-03  2.29724810E-06  3.12303775E-03
  4.47000742E+00 -2.51651945E-04 -1.76807731E-01  3.12609761E-03  6.33286987E-08  3.12616094E-03
  4.48000765E+00 -2.01960350E-03 -1.76782563E-01  3.12520750E-03  4.07879816E-06  3.12928623E-03
  4.49000788E+00 -3.78641929E-03 -1.76580608E-01  3.11807124E-03  1.43369707E-05  3.13240825E-03
  4.50000811E+00 -5.55033190E-03 -1.76201969E-01  3.10471351E-03  3.08061826E-05  3.13551980E-03
  4.51000834E+00 -7.30957650E-03 -1.75646931E-01  3.08518461E-03  5.34299070E-05  3.13861459E-03
  4.52000856E+00 -9.06239077E-03 -1.74915969E-01  3.05955973E-03  8.21269277E-05  3.14168655E-03
  4.53000879E+00 -1.08070197E-02 -1.74009725E-01  3.02793854E-03  1.16791671E-04  3.14473012E-03
  4.54000902E+00 -1.25417132E-02 -1.72929019E-01  2.99044466E-03  1.57294577E-04  3.14773922E-03
  4.55000925E+00 -1.42647326E-02 -1.71674848E-01  2.94722547E-03  2.03482603E-04  3.15070804E-03
  4.56000948E+00 -1.59743484E-02 -1.70248374E-01  2.89845094E-03  2.55179795E-04  3.15363077E-03
  4.57000971E+00 -1.76688451E-02 -1.68650940E-01  2.84431386E-03  3.12188087E-04  3.15650203E-03
  4.58000994E+00 -1.93465203E-02 -1.66884050E-01  2.78502866E-03  3.74287862E-04  3.15931649E-03
  4.59001017E+00 -2.10056882E-02 -1.64949402E-01  2.72083073E-03  4.41238924E-04  3.16206971E-03
  4.60001040E+00 -2.26446781E-02 -1.62848830E-01  2.65197433E-03  5.12781437E-04  3.16475565E-03
  4.61001062E+00 -2.42618434E-02 -1.60584360E-01  2.57873372E-03  5.88637020E-04  3.16737080E-03
  4.62001085E+00 -2.58555561E-02 -1.58158183E-01  2.50140112E-03  6.68509805E-04  3.16991098E-03
  4.63001108E+00 -2.74242088E-02 -1.55572623E-01  2.42028409E-03  7.52087217E-04  3.17237130E-03
  4.64001131E+00 -2.89662220E-02 -1.52830198E-01  2.33570696E-03  8.39042012E-04  3.17474897E-03
  4.65001154E+00 -3.04800402E-02 -1.49933577E-01  2.24800780E-03  9.29032860E-04  3.17704072E-03
  4.66001177E+00 -3.19641344E-02 -1.46885574E-01  2.15753727E-03  1.02170592E-03  3.17924330E-03
  4.67001200E+00 -3.34170088E-02 -1.43689156E-01  2.06465740E-03  1.11669651E-03  3.18135391E-03
  4.68001223E+00 -3.48371938E-02 -1.40347451E-01  1.96974073E-03  1.21363008E-03  3.18337092E-03
  4.69001245E+00 -3.62232476E-02 -1.36863738E-01  1.87316840E-03  1.31212373E-03  3.18529224E-03
  4.70001268E+00 -3.75737734E-02 -1.33241415E-01  1.77532749E-03  1.41178840E-03  3.18711577E-03
  4.71001291E+00 -3.88874002E-02 -1.29484043E-01  1.67661184E-03  1.51222991E-03  3.18884174E-03
  4.72001314E+00 -4.01627980E-02 -1.25595301E-01  1.57741795E-03  1.61305035E-03  3.19046830E-03
  4.73001337E+00 -4.13986668E-02 -1.21579021E-01  1.47814583E-03  1.71384960E-03  3.19199543E-03
  4.74001360E+00 -4.25937586E-02 -1.17439151E-01  1.37919548E-03  1.81422825E-03  3.19342362E-03
  4.75001383E+00 -4.37468514E-02 -1.13179773E-01  1.28096610E-03  1.91378698E-03  3.19475308E-03
  4.76001406E+00 -4.48567756E-02 -1.08805090E-01  1.18385477E-03  2.01213034E-03  3.19598522E-03
  4.77001429E+00 -4.59223948E-02 -1.04319416E-01  1.08825404E-03  2.10886635E-03  3.19712050E-03
  4.78001451E+00 -4.69426252E-02 -9.97271761E-02  9.94550996E-04  2.20361003E-03  3.19816102E-03
  4.79001474E+00 -4.79164235E-02 -9.50329155E-02  9.03125503E-04  2.29598372E-03  3.19910934E-03
  4.80001497E+00 -4.88427952E-02 -9.02412757E-02  8.14348750E-04  2.38561863E-03  3.19996732E-03
  4.81001520E+00 -4.97207865E-02 -8.53569955E-02  7.28581683E-04  2.47215666E-03  3.20073823E-03
  4.82001543E+00 -5.05494960E-02 -8.03849176E-02  6.46173488E-04  2.55525159E-03  3.20142508E-03
  4.83001566E+00 -5.13280705E-02 -7.53299668E-02  5.67460374E-04  2.63457070E-03  3.20203113E-03
  4.84001589E+00 -5.20557053E-02 -7.01971576E-02  4.92764113E-04  2.70979642E-03  3.20256059E-03
  4.85001612E+00 -5.27316481E-02 -6.49915859E-02  4.22390644E-04  2.78062676E-03  3.20301740E-03
  4.86001635E+00 -5.33551946E-02 -5.97184226E-02  3.56628996E-04  2.84677674E-03  3.20340577E-03
  4.87001657E+00 -5.39257005E-02 -5.43829054E-02  2.95750040E-04  2.90798116E-03  3.20373126E-03
  4.88001680E+00 -5.44425659E-02 -4.89903353E-02  2.40005305E-04  2.96399300E-03  3.20399832E-03
  4.89001703E+00 -5.49052469E-02 -4.35460806E-02  1.89626109E-04  3.01458617E-03  3.20421229E-03
  4.90001726E+00 -5.53132556E-02 -3.80555540E-02  1.44822523E-04  3.05955624E-03  3.20437877E-03
  4.91001749E+00 -5.56661561E-02 -3.25242281E-02  1.05782543E-04  3.09872092E-03  3.20450356E-03
  4.92001772E+00 -5.59635684E-02 -2.69576125E-02  7.26712897E-05  3.13192094E-03  3.20459227E-03
  4.93001795E+00 -5.62051646E-02 -2.13612560E-02  4.56303278E-05  3.15902056E-03  3.20465094E-03
  4.94001818E+00 -5.63906729E-02 -1.57407392E-02  2.47770859E-05  3.17990803E-03  3.20468517E-03
  4.95001841E+00 -5.65198846E-02 -1.01016723E-02  1.02043787E-05  3.19449743E-03  3.20470170E-03
  4.96001863E+00 -5.65926395E-02 -4.44968417E-03  1.97996883E-06  3.20272683E-03  3.20470682E-03
  4.97001886E+00 -5.66088408E-02  1.20957941E-03  1.46308238E-07  3.20456084E-03  3.20470706E-03
  4.98001909E+00 -5.65684400E-02  6.87046349E-03  4.72032707E-06  3.19998851E-03  3.20470892E-03
  4.99001932E+00 -5.64714521E-02  1.25273075E-02  1.56933438E-05  3.18902498E-03  3.20471823E-03
  5.00001955E+00 -5.63179441E-02  1.81744527E-02  3.30310722E-05  3.17171076E-03  3.20474175E-03
  5.01001978E+00 -5.61080389E-02  2.38062479E-02  5.66737435E-05  3.14811198E-03  3.20478575E-03
  5.02002001E+00 -5.58419228E-02  2.94170510E-02  8.65362890E-05  3.11832037E-03  3.20485677E-03
  5.03002024E+00 -5.55198304E-02  3.50012444E-02  1.22508718E-04  3.08245164E-03  3.20496038E-03
  5.04002047E+00 -5.51420562E-02  4.05532271E-02  1.64456418E-04  3.04064644E-03  3.20510287E-03
  5.05002069E+00 -5.47089539E-02  4.60674316E-02  2.12220824E-04  2.99306959E-03  3.20529053E-03
  5.06002092E+00 -5.42209260E-02  5.15383258E-02  2.65619921E-04  2.93990877E-03  3.20552872E-03
  5.07002115E+00 -5.36784343E-02  5.69604188E-02  3.24448920E-04  2.88137421E-03  3.20582325E-03
  5.08002138E+00 -5.30819893E-02  6.23282641E-02  3.88481276E-04  2.81769759E-03  3.20617878E-03
  5.09002161E+00 -5.24321645E-02  6.76364601E-02  4.57469112E-04  2.74913199E-03  3.20660113E-03
  5.10002184E+00 -5.17295860E-02  7.28796795E-02  5.31144789E-04  2.67595006E-03  3.20709497E-03
  5.11002207E+00 -5.09749241E-02  7.80526400E-02  6.09221461E-04  2.59844284E-03  3.20766424E-03
  5.12002230E+00 -5.01689091E-02  8.31501335E-02  6.91394496E-04  2.51691951E-03  3.20831407E-03
  5.13002253E+00 -4.93123233E-02  8.81670266E-02  7.77342473E-04  2.43170513E-03  3.20904749E-03
  5.14002275E+00 -4.84059937E-02  9.30982605E-02  8.66728660E-04  2.34314031E-03  3.20986891E-03
  5.15002298E+00 -4.74508069E-02  9.79388580E-02  9.59202007E-04  2.25157919E-03  3.21078114E-03
  5.16002321E+00 -4.64476906E-02  1.02683939E-01  1.05439906E-03  2.15738802E-03  3.21178697E-03
  5.17002344E+00 -4.53976281E-02  1.07328705E-01  1.15194509E-03  2.06094468E-03  3.21288966E-03
  5.18002367E+00 -4.43016440E-02  1.11868471E-01  1.25145551E-03  1.96263567E-03  3.21409106E-03
  5.19002390E+00 -4.31608073E-02  1.16298638E-01  1.35253731E-03  1.86285528E-03  3.21539259E-03
  5.20002413E+00 -4.19762395E-02  1.20614722E-01  1.45479117E-03  1.76200469E-03  3.21679586E-03
  5.21002436E+00 -4.07491028E-02  1.24812350E-01  1.55781233E-03  1.66048936E-03  3.21830157E-03
  5.22002459E+00 -3.94806042E-02  1.28887266E-01  1.66119286E-03  1.55871816E-03  3.21991090E-03
  5.23002481E+00 -3.81719917E-02  1.32835329E-01  1.76452252E-03  1.45710097E-03  3.22162360E-03
  5.24002504E+00 -3.68245542E-02  1.36652529E-01  1.86739140E-03  1.35604781E-03  3.22343921E-03
  5.25002527E+00 -3.54396142E-02  1.40334979E-01  1.96939055E-03  1.25596626E-03  3.22535681E-03
  5.26002550E+00 -3.40185426E-02  1.43878937E-01  2.07011472E-03  1.15726120E-03  3.22737591E-03
  5.27002573E+00 -3.25627439E-02  1.47280797E-01  2.16916343E-03  1.06033229E-03  3.22949560E-03
  5.28002596E+00 -3.10736541E-02  1.50537074E-01  2.26614112E-03  9.65571962E-04  3.23171308E-03
  5.29002619E+00 -2.95527466E-02  1.53644443E-01  2.36066151E-03  8.73364857E-04  3.23402649E-03
  5.30002642E+00 -2.80015264E-02  1.56599715E-01  2.45234719E-03  7.84085481E-04  3.23643256E-03
  5.31002665E+00 -2.64215283E-02  1.59399867E-01  2.54083192E-03  6.98097167E-04  3.23892897E-03
  5.32002687E+00 -2.48143189E-02  1.62042022E-01  2.62576179E-03  6.15750439E-04  3.24151223E-03
  5.33002710E+00 -2.31814925E-02  1.64523453E-01  2.70679663E-03  5.37381566E-04  3.24417814E-03
  5.34002733E+00 -2.15246659E-02  1.66841596E-01  2.78361188E-03  4.63311240E-04  3.24692321E-03
  5.35002756E+00 -1.98454875E-02  1.68994069E-01  2.85589951E-03  3.93843366E-04  3.24974279E-03
  5.36002779E+00 -1.81456245E-02  1.70978621E-01  2.92336894E-03  3.29263683E-04  3.25263268E-03
  5.37002802E+00 -1.64267663E-02  1.72793180E-01  2.98574823E-03  2.69838638E-04  3.25558684E-03
  5.38002825E+00 -1.46906208E-02  1.74435854E-01  3.04278685E-03  2.15814347E-04  3.25860130E-03
  5.39002848E+00 -1.29389167E-02  1.75904915E-01  3.09425383E-03  1.67415565E-04  3.26166931E-03
  5.40002871E+00 -1.11733973E-02  1.77198812E-01  3.13994172E-03  1.24844810E-04  3.26478644E-03
  5.41002893E+00 -9.39582195E-03  1.78316146E-01  3.17966496E-03  8.82814711E-05  3.26794642E-03
  5.42002916E+00 -7.60796247E-03  1.79255724E-01  3.21326149E-03  5.78810941E-05  3.27114249E-03
  5.43002939E+00 -5.81160141E-03  1.80016518E-01  3.24059464E-03  3.37747115E-05  3.27436929E-03
  5.44002962E+00 -4.00853064E-03  1.80597678E-01  3.26155196E-03  1.60683176E-05  3.27762030E-03
  5.45002985E+00 -2.20054970E-03  1.80998534E-01  3.27604706E-03  4.84241900E-06  3.28088948E-03
  5.46003008E+00 -3.89464170E-04  1.81218594E-01  3.28401779E-03  1.51682343E-07  3.28416936E-03
  5.47003031E+00  1.42291642E-03  1.81257546E-01  3.28542967E-03  2.02469118E-06  3.28745437E-03
  5.48003054E+00  3.23478039E-03  1.81115255E-01  3.28027341E-03  1.04638038E-05  3.29073728E-03
  5.49003077E+00  5.04431548E-03  1.80791780E-01  3.26856668E-03  2.54451188E-05  3.29401181E-03
  5.50003099E+00  6.84971130E-03  1.80287346E-01  3.25035281E-03  4.69185434E-05  3.29727144E-03
  5.51003122E+00  8.64916015E-03  1.79602370E-01  3.22570140E-03  7.48079692E-05  3.30050942E-03
  5.52003145E+00  1.04408599E-02  1.78737447E-01  3.19470768E-03  1.09011555E-04  3.30371922E-03
  5.53003168E+00  1.22230146E-02  1.77693367E-01  3.15749319E-03  1.49402083E-04  3.30689526E-03
  5.54003191E+00  1.39938369E-02  1.76471069E-01  3.11420392E-03  1.95827466E-04  3.31003149E-03
  5.55003214E+00  1.57515518E-02  1.75071687E-01  3.06500960E-03  2.48111377E-04  3.31312092E-03
  5.56003237E+00  1.74943935E-02  1.73496529E-01  3.01010464E-03  3.06053815E-04  3.31615843E-03
  5.57003260E+00  1.92206111E-02  1.71747088E-01  2.94970628E-03  3.69431888E-04  3.31913820E-03
  5.58003283E+00  2.09284723E-02  1.69825032E-01  2.88405432E-03  4.38000949E-04  3.32205533E-03
  5.59003305E+00  2.26162579E-02  1.67732179E-01  2.81340838E-03  5.11495105E-04  3.32490355E-03
  5.60003328E+00  2.42822710E-02  1.65470555E-01  2.73805065E-03  5.89628704E-04  3.32767935E-03
  5.61003351E+00  2.59248354E-02  1.63042322E-01  2.65827985E-03  6.72097085E-04  3.33037693E-03
  5.62003374E+00  2.75422968E-02  1.60449833E-01  2.57441495E-03  7.58578128E-04  3.33299302E-03
  5.63003397E+00  2.91330237E-02  1.57695606E-01  2.48679030E-03  8.48733063E-04  3.33552342E-03
  5.64003420E+00  3.06954142E-02  1.54782310E-01  2.39575631E-03  9.42208455E-04  3.33796488E-03
  5.65003443E+00  3.22278887E-02  1.51712775E-01  2.30167666E-03  1.03863678E-03  3.34031344E-03
  5.66003466E+00  3.37289013E-02  1.48489982E-01  2.20492738E-03  1.13763881E-03  3.34256608E-03
  5.67003489E+00  3.51969376E-02  1.45117089E-01  2.10589706E-03  1.23882445E-03  3.34472163E-03
  5.68003511E+00  3.66305113E-02  1.41597390E-01  2.00498221E-03  1.34179438E-03  3.34677659E-03
  5.69003534E+00  3.80281731E-02  1.37934342E-01  1.90258829E-03  1.44614198E-03  3.34873027E-03
  5.70003557E+00  3.93885039E-02  1.34131521E-01  1.79912650E-03  1.55145419E-03  3.35058058E-03
  5.71003580E+00  4.07101251E-02  1.30192667E-01  1.69501302E-03  1.65731425E-03  3.35232727E-03
  5.72003603E+00  4.19916958E-02  1.26121655E-01  1.59066718E-03  1.76330248E-03  3.35396966E-03
  5.73003626E+00  4.32319157E-02  1.21922486E-01  1.48650934E-03  1.86899852E-03  3.35550774E-03
  5.74003649E+00  4.44295257E-02  1.17599294E-01  1.38295942E-03  1.97398267E-03  3.35694198E-03
  5.75003672E+00  4.55833040E-02  1.13156341E-01  1.28043571E-03  2.07783771E-03  3.35827330E-03
  5.76003695E+00  4.66920771E-02  1.08598009E-01  1.17935275E-03  2.18015001E-03  3.35950265E-03
  5.77003717E+00  4.77547124E-02  1.03928804E-01  1.08011963E-03  2.28051259E-03  3.36063234E-03
  5.78003740E+00  4.87701222E-02  9.91533324E-02  9.83138336E-04  2.37852475E-03  3.36166308E-03
  5.79003763E+00  4.97372709E-02  9.42763239E-02  8.88802519E-04  2.47379602E-03  3.36259860E-03
  5.80003786E+00  5.06551638E-02  8.93025994E-02  7.97495421E-04  2.56594573E-03  3.36344121E-03
  5.81003809E+00  5.15228622E-02  8.42370838E-02  7.09588639E-04  2.65460531E-03  3.36419395E-03
  5.82003832E+00  5.23394719E-02  7.90847987E-02  6.25440560E-04  2.73942039E-03  3.36486101E-03
  5.83003855E+00  5.31041510E-02  7.38508552E-02  5.45394898E-04  2.82005081E-03  3.36544565E-03
  5.84003878E+00  5.38161062E-02  6.85404390E-02  4.69779188E-04  2.89617339E-03  3.36595252E-03
  5.85003901E+00  5.44746034E-02  6.31588250E-02  3.98903707E-04  2.96748243E-03  3.36638605E-03
  5.86003923E+00  5.50789572E-02  5.77113628E-02  3.33060132E-04  3.03369155E-03  3.36675160E-03
  5.87003946E+00  5.56285307E-02  5.22034690E-02  2.72520207E-04  3.09453346E-03  3.36705358E-03
  5.88003969E+00  5.61227538E-02  4.66406159E-02  2.17534704E-04  3.14976345E-03  3.36729805E-03
  5.89003992E+00  5.65610975E-02  4.10283394E-02  1.68332466E-04  3.19915777E-03  3.36749014E-03
  5.90004015E+00  5.69430999E-02  3.53722274E-02  1.25119448E-04  3.24251666E-03  3.36763612E-03
  5.91004038E+00  5.72683513E-02  2.96779182E-02  8.80778825E-05  3.27966409E-03  3.36774206E-03
  5.92004061E+00  5.75364977E-02  2.39510834E-02  5.73654361E-05  3.31044849E-03  3.36781400E-03
  5.93004084E+00  5.77472411E-02  1.81974340E-02  3.31146621E-05  3.33474390E-03  3.36785847E-03
  5.94004107E+00  5.79003394E-02  1.24227107E-02  1.54323752E-05  3.35244928E-03  3.36788176E-03
  5.95004129E+00  5.79956174E-02  6.63267681E-03  4.39923997E-06  3.36349173E-03  3.36789107E-03
  5.96004152E+00  5.80329448E-02  8.33115075E-04  6.94080740E-08  3.36782262E-03  3.36789200E-03
  5.97004175E+00  5.80122583E-02 -4.97017894E-03  2.47026787E-06  3.36542213E-03  3.36789247E-03
  5.98004198E+00  5.79335503E-02 -1.07714050E-02  1.16023166E-05  3.35629634E-03  3.36789875E-03
  5.99004221E+00  5.77968694E-02 -1.65647604E-02  2.74391296E-05  3.34047806E-03  3.36791715E-03
  6.00004244E+00  5.76023236E-02 -2.23444477E-02  4.99274356E-05  3.31802759E-03  3.36795510E-03
  6.01004267E+00  5.73500805E-02 -2.81046797E-02  7.89873011E-05  3.28903180E-03  3.36801913E-03
  6.02004290E+00  5.70403598E-02 -3.38396877E-02  1.14512448E-04  3.25360266E-03  3.36811505E-03
  6.03004313E+00  5.66734411E-02 -3.95437218E-02  1.56370603E-04  3.21187894E-03  3.36824963E-03
  6.04004335E+00  5.62496670E-02 -4.52110656E-02  2.04404045E-04  3.16402502E-03  3.36842914E-03
  6.05004358E+00  5.57694286E-02 -5.08360341E-02  2.58430227E-04  3.11022927E-03  3.36865941E-03
  6.06004381E+00  5.52331842E-02 -5.64129762E-02  3.18242412E-04  3.05070472E-03  3.36894719E-03
  6.07004404E+00  5.46414405E-02 -6.19362965E-02  3.83610488E-04  2.98568700E-03  3.36929737E-03
  6.08004427E+00  5.39947562E-02 -6.74004406E-02  4.54281922E-04  2.91543361E-03  3.36971553E-03
  6.09004450E+00  5.32937534E-02 -7.27999136E-02  5.29982790E-04  2.84022419E-03  3.37020704E-03
  6.10004473E+00  5.25391065E-02 -7.81292915E-02  6.10418618E-04  2.76035769E-03  3.37077631E-03
  6.11004496E+00  5.17315418E-02 -8.33832026E-02  6.95275841E-04  2.67615239E-03  3.37142823E-03
  6.12004519E+00  5.08718453E-02 -8.85563567E-02  7.84222910E-04  2.58794473E-03  3.37216770E-03
  6.13004541E+00  4.99608442E-02 -9.36435387E-02  8.76911276E-04  2.49608606E-03  3.37299728E-03
  6.14004564E+00  4.89994287E-02 -9.86396223E-02  9.72977490E-04  2.40094401E-03  3.37392138E-03
  6.15004587E+00  4.79885302E-02 -1.03539564E-01  1.07204414E-03  2.30289903E-03  3.37494304E-03
  6.16004610E+00  4.69291396E-02 -1.08338416E-01  1.17372128E-03  2.20234413E-03  3.37606529E-03
  6.17004633E+00  4.58222888E-02 -1.13031328E-01  1.27760821E-03  2.09968211E-03  3.37729044E-03
  6.18004656E+00  4.46690656E-02 -1.17613554E-01  1.38329482E-03  1.99532532E-03  3.37862014E-03
  6.19004679E+00  4.34705988E-02 -1.22080460E-01  1.49036385E-03  1.88969297E-03  3.38005694E-03
  6.20004702E+00  4.22280580E-02 -1.26427516E-01  1.59839168E-03  1.78320892E-03  3.38160060E-03
  6.21004725E+00  4.09426689E-02 -1.30650327E-01  1.70695072E-03  1.67630217E-03  3.38325277E-03
  6.22004747E+00  3.96156944E-02 -1.34744599E-01  1.81561080E-03  1.56940322E-03  3.38501390E-03
  6.23004770E+00  3.82484421E-02 -1.38706163E-01  1.92394003E-03  1.46294327E-03  3.38688330E-03
  6.24004793E+00  3.68422568E-02 -1.42531008E-01  2.03150883E-03  1.35735190E-03  3.38886073E-03
  6.25004816E+00  3.53985243E-02 -1.46215230E-01  2.13788939E-03  1.25305553E-03  3.39094503E-03
  6.26004839E+00  3.39186750E-02 -1.49755076E-01  2.24265829E-03  1.15047651E-03  3.39313480E-03
  6.27004862E+00  3.24041657E-02 -1.53146937E-01  2.34539853E-03  1.05003000E-03  3.39542842E-03
  6.28004885E+00  3.08564957E-02 -1.56387359E-01  2.44570058E-03  9.52123315E-04  3.39782378E-03
  6.29004908E+00  2.92771943E-02 -1.59473002E-01  2.54316395E-03  8.57154082E-04  3.40031809E-03
  6.30004930E+00  2.76678260E-02 -1.62400723E-01  2.63739959E-03  7.65508623E-04  3.40290833E-03
  6.31004953E+00  2.60299854E-02 -1.65167511E-01  2.72803078E-03  6.77560165E-04  3.40559101E-03
  6.32004976E+00  2.43652966E-02 -1.67770505E-01  2.81469431E-03  5.93667675E-04  3.40836192E-03
  6.33004999E+00  2.26754081E-02 -1.70207039E-01  2.89704348E-03  5.14174113E-04  3.41121759E-03
  6.34005022E+00  2.09619999E-02 -1.72474578E-01  2.97474815E-03  4.39405441E-04  3.41415359E-03
  6.35005045E+00  1.92267727E-02 -1.74570784E-01  3.04749585E-03  3.69668793E-04  3.41716455E-03
  6.36005068E+00  1.74714513E-02 -1.76493466E-01  3.11499438E-03  3.05251597E-04  3.42024607E-03
  6.37005091E+00  1.56977810E-02 -1.78240612E-01  3.17697157E-03  2.46420328E-04  3.42339184E-03
  6.38005114E+00  1.39075257E-02 -1.79810390E-01  3.23317759E-03  1.93419270E-04  3.42659676E-03
  6.39005136E+00  1.21024679E-02 -1.81201145E-01  3.28338565E-03  1.46469727E-04  3.42985545E-03
  6.40005159E+00  1.02844061E-02 -1.82411388E-01  3.32739134E-03  1.05769010E-04  3.43316025E-03
  6.41005182E+00  8.45515076E-03 -1.83439821E-01  3.36501678E-03  7.14895723E-05  3.43650626E-03
  6.42005205E+00  6.61652489E-03 -1.84285343E-01  3.39610875E-03  4.37784001E-05  3.43988719E-03
  6.43005228E+00  4.77036368E-03 -1.84946999E-01  3.42053920E-03  2.27563705E-05  3.44329560E-03
  6.44005251E+00  2.91850860E-03 -1.85424030E-01  3.43820709E-03  8.51769255E-06  3.44672473E-03
  6.45005274E+00  1.06280902E-03 -1.85715884E-01  3.44903884E-03  1.12956297E-06  3.45016830E-03
  6.46005297E+00 -7.94881198E-04 -1.85822159E-01  3.45298764E-03  6.31836144E-07  3.45361955E-03
  6.47005320E+00 -2.65270541E-03 -1.85742676E-01  3.45003419E-03  7.03684600E-06  3.45707103E-03
  6.48005342E+00 -4.50880593E-03 -1.85477406E-01  3.44018685E-03  2.03293312E-05  3.46051622E-03
  6.49005365E+00 -6.36132574E-03 -1.85026526E-01  3.42348148E-03  4.04664643E-05  3.46394791E-03
  6.50005388E+00 -8.20841081E-03 -1.84390396E-01  3.39998188E-03  6.73780087E-05  3.46735981E-03
  6.51005411E+00 -1.00482106E-02 -1.83569551E-01  3.36977816E-03  1.00966536E-04  3.47074470E-03
  6.52005434E+00 -1.18788816E-02 -1.82564735E-01  3.33298813E-03  1.41107826E-04  3.47409584E-03
  6.53005457E+00 -1.36985900E-02 -1.81376845E-01  3.28975590E-03  1.87651371E-04  3.47740715E-03
  6.54005480E+00 -1.55055095E-02 -1.80006981E-01  3.24025122E-03  2.40420821E-04  3.48067214E-03
  6.55005503E+00 -1.72978267E-02 -1.78456426E-01  3.18466942E-03  2.99214822E-04  3.48388427E-03
  6.56005526E+00 -1.90737434E-02 -1.76726639E-01  3.12323053E-03  3.63807689E-04  3.48703819E-03
  6.57005548E+00 -2.08314732E-02 -1.74819261E-01  3.05617740E-03  4.33950278E-04  3.49012762E-03
  6.58005571E+00 -2.25692503E-02 -1.72736108E-01  2.98377639E-03  5.09371050E-04  3.49314744E-03
  6.59005594E+00 -2.42853276E-02 -1.70479178E-01  2.90631503E-03  5.89777133E-04  3.49609228E-03
  6.60005617E+00 -2.59779766E-02 -1.68050647E-01  2.82410206E-03  6.74855255E-04  3.49895726E-03
  6.61005640E+00 -2.76454948E-02 -1.65452853E-01  2.73746462E-03  7.64273398E-04  3.50173796E-03
  6.62005663E+00 -2.92862002E-02 -1.62688300E-01  2.64674844E-03  8.57681502E-04  3.50442994E-03
  6.63005686E+00 -3.08984406E-02 -1.59759685E-01  2.55231583E-03  9.54713614E-04  3.50702950E-03
  6.64005709E+00 -3.24805900E-02 -1.56669840E-01  2.45454395E-03  1.05498871E-03  3.50953266E-03
  6.65005732E+00 -3.40310484E-02 -1.53421775E-01  2.35382421E-03  1.15811231E-03  3.51193640E-03
  6.66005754E+00 -3.55482474E-02 -1.50018662E-01  2.25055986E-03  1.26367784E-03  3.51423770E-03
  6.67005777E+00 -3.70306596E-02 -1.46463841E-01  2.14516581E-03  1.37126970E-03  3.51643562E-03
  6.68005800E+00 -3.84767838E-02 -1.42760769E-01  2.03806371E-03  1.48046284E-03  3.51852644E-03
  6.69005823E+00 -3.98851559E-02 -1.38913095E-01  1.92968477E-03  1.59082562E-03  3.52051039E-03
  6.70005846E+00 -4.12543453E-02 -1.34924576E-01  1.82046404E-03  1.70192099E-03  3.52238491E-03
  6.71005869E+00 -4.25829627E-02 -1.30799145E-01  1.71084167E-03  1.81330869E-03  3.52415023E-03
  6.72005892E+00 -4.38696630E-02 -1.26540855E-01  1.60125887E-03  1.92454737E-03  3.52580613E-03
  6.73005915E+00 -4.51131389E-02 -1.22153886E-01  1.49215723E-03  2.03519524E-03  3.52735259E-03
  6.74005938E+00 -4.63121198E-02 -1.17642574E-01  1.38397748E-03  2.14481237E-03  3.52878985E-03
  6.75005960E+00 -4.74653877E-02 -1.13011360E-01  1.27715676E-03  2.25296314E-03  3.53012001E-03
  6.76005983E+00 -4.85717691E-02 -1.08264819E-01  1.17212709E-03  2.35921680E-03  3.53134377E-03
  6.77006006E+00 -4.96301316E-02 -1.03407644E-01  1.06931408E-03  2.46315007E-03  3.53246415E-03
  6.78006029E+00 -5.06393947E-02 -9.84446332E-02  9.69134562E-04  2.56434828E-03  3.53348278E-03
  6.79006052E+00 -5.15985191E-02 -9.33806971E-02  8.71995464E-04  2.66240723E-03  3.53440270E-03
  6.80006075E+00 -5.25065288E-02 -8.82208422E-02  7.78291724E-04  2.75693554E-03  3.53522738E-03
  6.81006098E+00 -5.33624850E-02 -8.29701871E-02  6.88405184E-04  2.84755486E-03  3.53596010E-03
  6.82006121E+00 -5.41655049E-02 -7.76339397E-02  6.02702843E-04  2.93390197E-03  3.53660481E-03
  6.83006144E+00 -5.49147613E-02 -7.22173899E-02  5.21535170E-04  3.01563111E-03  3.53716640E-03
  6.84006166E+00 -5.56094758E-02 -6.67259172E-02  4.45234822E-04  3.09241377E-03  3.53764859E-03
  6.85006189E+00 -5.62489294E-02 -6.11649677E-02  3.74115334E-04  3.16394214E-03  3.53805744E-03
  6.86006212E+00 -5.68324514E-02 -5.55400737E-02  3.08469986E-04  3.22992750E-03  3.53839761E-03
  6.87006235E+00 -5.73594347E-02 -4.98568267E-02  2.48570315E-04  3.29010468E-03  3.53867491E-03
  6.88006258E+00 -5.78293204E-02 -4.41208854E-02  1.94665263E-04  3.34423035E-03  3.53889563E-03
  6.89006281E+00 -5.82416132E-02 -3.83379534E-02  1.46979859E-04  3.39208543E-03  3.53906536E-03
  6.90006304E+00 -5.85958734E-02 -3.25137936E-02  1.05714680E-04  3.43347644E-03  3.53919109E-03
  6.91006327E+00 -5.88917136E-02 -2.66542062E-02  7.10446766E-05  3.46823386E-03  3.53927864E-03
  6.92006350E+00 -5.91288097E-02 -2.07650345E-02  4.31186672E-05  3.49621614E-03  3.53933475E-03
  6.93006372E+00 -5.93068972E-02 -1.48521531E-02  2.20586462E-05  3.51730804E-03  3.53936665E-03
  6.94006395E+00 -5.94257638E-02 -8.92146304E-03  7.95925007E-06  3.53142130E-03  3.53938062E-03
  6.95006418E+00 -5.94852641E-02 -2.97888648E-03  8.87376416E-07  3.53849656E-03  3.53938388E-03
  6.96006441E+00 -5.94853088E-02  2.96963984E-03  8.81876076E-07  3.53850191E-03  3.53938388E-03
  6.97006464E+00 -5.94258681E-02  8.91817082E-03  7.95337746E-06  3.53143387E-03  3.53938714E-03
  6.98006487E+00 -5.93069717E-02  1.48607567E-02  2.20842103E-05  3.51731689E-03  3.53940111E-03
  6.99006510E+00 -5.91287091E-02  2.07914542E-02  4.32284578E-05  3.49620427E-03  3.53943277E-03
  7.00006533E+00 -5.88912293E-02  2.67043244E-02  7.13120899E-05  3.46817682E-03  3.53948888E-03
  7.01006556E+00 -5.85947409E-02  3.25934477E-02  1.06233289E-04  3.43334372E-03  3.53957713E-03
  7.02006578E+00 -5.82395121E-02  3.84529233E-02  1.47862738E-04  3.39184073E-03  3.53970355E-03
  7.03006601E+00 -5.78258634E-02  4.42768745E-02  1.96044173E-04  3.34383058E-03  3.53987468E-03
  7.04006624E+00 -5.73541820E-02  5.00594601E-02  2.50594952E-04  3.28950211E-03  3.54009704E-03
  7.05006647E+00 -5.68249114E-02  5.57948798E-02  3.11306881E-04  3.22907045E-03  3.54037737E-03
  7.06006670E+00 -5.62385507E-02  6.14773706E-02  3.77946737E-04  3.16277449E-03  3.54072126E-03
  7.07006693E+00 -5.55956587E-02  6.71012253E-02  4.50257445E-04  3.09087732E-03  3.54113476E-03
  7.08006716E+00 -5.48968501E-02  7.26607889E-02  5.27959026E-04  3.01366416E-03  3.54162324E-03
  7.09006739E+00 -5.41427955E-02  7.81504735E-02  6.10749645E-04  2.93144234E-03  3.54219205E-03
  7.10006762E+00 -5.33342175E-02  8.35647509E-02  6.98306772E-04  2.84453877E-03  3.54284560E-03
  7.11006784E+00 -5.24719059E-02  8.88981745E-02  7.90288614E-04  2.75330083E-03  3.54358950E-03
  7.12006807E+00 -5.15566878E-02  9.41453651E-02  8.86334979E-04  2.65809195E-03  3.54442699E-03
  7.13006830E+00 -5.05894534E-02  9.93010327E-02  9.86069557E-04  2.55929283E-03  3.54536250E-03
  7.14006853E+00 -4.95711491E-02  1.04359977E-01  1.08910049E-03  2.45729880E-03  3.54639930E-03
  7.15006876E+00 -4.85027656E-02  1.09317094E-01  1.19502272E-03  2.35251826E-03  3.54754087E-03
  7.16006899E+00 -4.73853424E-02  1.14167370E-01  1.30341889E-03  2.24537076E-03  3.54878977E-03
  7.17006922E+00 -4.62199748E-02  1.18905902E-01  1.41386141E-03  2.13628612E-03  3.55014764E-03
  7.18006945E+00 -4.50078025E-02  1.23527899E-01  1.52591418E-03  2.02570227E-03  3.55161633E-03
  7.19006968E+00 -4.37500179E-02  1.28028676E-01  1.63913425E-03  1.91406405E-03  3.55319818E-03
  7.20006990E+00 -4.24478576E-02  1.32403672E-01  1.75307319E-03  1.80182059E-03  3.55489366E-03
  7.21007013E+00 -4.11025994E-02  1.36648461E-01  1.86728023E-03  1.68942369E-03  3.55670392E-03
  7.22007036E+00 -3.97155620E-02  1.40758723E-01  1.98130193E-03  1.57732586E-03  3.55862780E-03
  7.23007059E+00 -3.82881165E-02  1.44730285E-01  2.09468557E-03  1.46597985E-03  3.56066553E-03
  7.24007082E+00 -3.68216708E-02  1.48559093E-01  2.20698048E-03  1.35583547E-03  3.56281595E-03
  7.25007105E+00 -3.53176706E-02  1.52241260E-01  2.31774035E-03  1.24733790E-03  3.56507814E-03
  7.26007128E+00 -3.37776020E-02  1.55773029E-01  2.42652372E-03  1.14092638E-03  3.56745021E-03
  7.27007151E+00 -3.22029814E-02  1.59150794E-01  2.53289752E-03  1.03703199E-03  3.56992939E-03
  7.28007174E+00 -3.05953734E-02  1.62371099E-01  2.63643730E-03  9.36076860E-04  3.57251428E-03
  7.29007196E+00 -2.89563648E-02  1.65430635E-01  2.73672957E-03  8.38471053E-04  3.57520068E-03
  7.30007219E+00 -2.72875801E-02  1.68326274E-01  2.83337361E-03  7.44612014E-04  3.57798557E-03
  7.31007242E+00 -2.55906731E-02  1.71055034E-01  2.92598247E-03  6.54882577E-04  3.58086498E-03
  7.32007265E+00 -2.38673277E-02  1.73614100E-01  3.01418547E-03  5.69649332E-04  3.58383474E-03
  7.33007288E+00 -2.21192520E-02  1.76000834E-01  3.09762941E-03  4.89261292E-04  3.58689064E-03
  7.34007311E+00 -2.03481838E-02  1.78212762E-01  3.17597878E-03  4.14048583E-04  3.59002734E-03
  7.35007334E+00 -1.85558833E-02  1.80247575E-01  3.24891880E-03  3.44320812E-04  3.59323970E-03
  7.36007357E+00 -1.67441294E-02  1.82103157E-01  3.31615587E-03  2.80365872E-04  3.59652168E-03
  7.37007380E+00 -1.49147259E-02  1.83777571E-01  3.37741966E-03  2.22449045E-04  3.59986862E-03
  7.38007402E+00 -1.30694928E-02  1.85269043E-01  3.43246199E-03  1.70811647E-04  3.60327354E-03
  7.39007425E+00 -1.12102674E-02  1.86575994E-01  3.48106027E-03  1.25670093E-04  3.60673037E-03
  7.40007448E+00 -9.33890324E-03  1.87697023E-01  3.52301705E-03  8.72151140E-05  3.61023215E-03
  7.41007471E+00 -7.45726330E-03  1.88630909E-01  3.55816190E-03  5.56107771E-05  3.61377257E-03
  7.42007494E+00 -5.56722563E-03  1.89376637E-01  3.58635117E-03  3.09940006E-05  3.61734512E-03
  7.43007517E+00 -3.67067568E-03  1.89933360E-01  3.60746798E-03  1.34738602E-05  3.62094189E-03
  7.44007540E+00 -1.76950684E-03  1.90300420E-01  3.62142525E-03  3.13115447E-06  3.62455635E-03
  7.45007563E+00  1.34382048E-04  1.90477371E-01  3.62816313E-03  1.80585342E-08  3.62818129E-03
  7.46007586E+00  2.03908840E-03  1.90463930E-01  3.62765091E-03  4.15788145E-06  3.63180880E-03
  7.47007608E+00  3.94270848E-03  1.90260023E-01  3.61988763E-03  1.55449507E-05  3.63543257E-03
  7.48007631E+00  5.84333763E-03  1.89865753E-01  3.60490056E-03  3.41445957E-05  3.63904517E-03
  7.49007654E+00  7.73907360E-03  1.89281419E-01  3.58274556E-03  5.98932602E-05  3.64263891E-03
  7.50007677E+00  9.62801836E-03  1.88507512E-01  3.55350832E-03  9.26987341E-05  3.64620704E-03
  7.51007700E+00  1.15082795E-02  1.87544703E-01  3.51730175E-03  1.32440502E-04  3.64974234E-03
  7.52007723E+00  1.33779729E-02  1.86393872E-01  3.47426767E-03  1.78970164E-04  3.65323783E-03
  7.53007746E+00  1.52352229E-02  1.85056075E-01  3.42457532E-03  2.32112012E-04  3.65668721E-03
  7.54007769E+00  1.70781650E-02  1.83532551E-01  3.36841983E-03  2.91663717E-04  3.66008352E-03
  7.55007792E+00  1.89049523E-02  1.81824729E-01  3.30602308E-03  3.57397221E-04  3.66342021E-03
  7.56007814E+00  2.07137465E-02  1.79934233E-01  3.23763280E-03  4.29059291E-04  3.66669218E-03
  7.57007837E+00  2.25027334E-02  1.77862853E-01  3.16351955E-03  5.06373006E-04  3.66989244E-03
  7.58007860E+00  2.42701098E-02  1.75612584E-01  3.08397808E-03  5.89038245E-04  3.67301633E-03
  7.59007883E+00  2.60141008E-02  1.73185572E-01  2.99932412E-03  6.76733442E-04  3.67605756E-03
  7.60007906E+00  2.77329497E-02  1.70584157E-01  2.90989550E-03  7.69116508E-04  3.67901195E-03
  7.61007929E+00  2.94249244E-02  1.67810857E-01  2.81604845E-03  8.65826150E-04  3.68187460E-03
  7.62007952E+00  3.10883205E-02  1.64868370E-01  2.71815783E-03  9.66483669E-04  3.68464156E-03
  7.63007975E+00  3.27214599E-02  1.61759540E-01  2.61661480E-03  1.07069395E-03  3.68730864E-03
  7.64007998E+00  3.43226939E-02  1.58487394E-01  2.51182541E-03  1.17804727E-03  3.68987257E-03
  7.65008020E+00  3.58904041E-02  1.55055121E-01  2.40420899E-03  1.28812110E-03  3.69233009E-03
  7.66008043E+00  3.74230109E-02  1.51466087E-01  2.29419745E-03  1.40048179E-03  3.69467912E-03
  7.67008066E+00  3.89189608E-02  1.47723779E-01  2.18223152E-03  1.51468546E-03  3.69691709E-03
  7.68008089E+00  4.03767377E-02  1.43831879E-01  2.06876104E-03  1.63028098E-03  3.69904190E-03
  7.69008112E+00  4.17948700E-02  1.39794201E-01  1.95424189E-03  1.74681121E-03  3.70105309E-03
  7.70008135E+00  4.31719124E-02  1.35614708E-01  1.83913484E-03  1.86381408E-03  3.70294880E-03
  7.71008158E+00  4.45064753E-02  1.31297514E-01  1.72390381E-03  1.98082626E-03  3.70472996E-03
  7.72008181E+00  4.57971953E-02  1.26846865E-01  1.60901272E-03  2.09738314E-03  3.70639586E-03
  7.73008204E+00  4.70427647E-02  1.22267142E-01  1.49492535E-03  2.21302174E-03  3.70794721E-03
  7.74008226E+00  4.82419133E-02  1.17562868E-01  1.38210284E-03  2.32728221E-03  3.70938517E-03
  7.75008249E+00  4.93934192E-02  1.12738676E-01  1.27100095E-03  2.43970985E-03  3.71071091E-03
  7.76008272E+00  5.04961126E-02  1.07799336E-01  1.16206973E-03  2.54985737E-03  3.71192722E-03
  7.77008295E+00  5.15488610E-02  1.02749728E-01  1.05575065E-03  2.65728496E-03  3.71303549E-03
  7.78008318E+00  5.25505841E-02  9.75948423E-02  9.52475355E-04  2.76156398E-03  3.71403946E-03
  7.79008341E+00  5.35002574E-02  9.23397839E-02  8.52663536E-04  2.86227744E-03  3.71494098E-03
  7.80008364E+00  5.43969050E-02  8.69897604E-02  7.56721885E-04  2.95902323E-03  3.71574517E-03
  7.81008387E+00  5.52396029E-02  8.15500692E-02  6.65041385E-04  3.05141369E-03  3.71645507E-03
  7.82008410E+00  5.60274832E-02  7.60261118E-02  5.77996951E-04  3.13907885E-03  3.71707580E-03
  7.83008432E+00  5.67597300E-02  7.04233646E-02  4.95945045E-04  3.22166691E-03  3.71761201E-03
  7.84008455E+00  5.74355833E-02  6.47473931E-02  4.19222488E-04  3.29884631E-03  3.71806882E-03
  7.85008478E+00  5.80543391E-02  5.90038337E-02  3.48145230E-04  3.37030622E-03  3.71845136E-03
  7.86008501E+00  5.86153492E-02  5.31984009E-02  2.83006986E-04  3.43575911E-03  3.71876615E-03
  7.87008524E+00  5.91180250E-02  4.73368652E-02  2.24077885E-04  3.49494093E-03  3.71901877E-03
  7.88008547E+00  5.95618337E-02  4.14250642E-02  1.71603606E-04  3.54761211E-03  3.71921575E-03
  7.89008570E+00  5.99463060E-02  3.54688801E-02  1.25804145E-04  3.59355961E-03  3.71936383E-03
  7.90008593E+00  6.02710210E-02  2.94742491E-02  8.68731368E-05  3.63259600E-03  3.71946907E-03
  7.91008615E+00  6.05356283E-02  2.34471485E-02  5.49768811E-05  3.66456225E-03  3.71953915E-03
  7.92008638E+00  6.07398301E-02  1.73935853E-02  3.02536828E-05  3.68932704E-03  3.71958083E-03
  7.93008661E+00  6.08833991E-02  1.13196028E-02  1.28133415E-05  3.70678818E-03  3.71960155E-03
  7.94008684E+00  6.09661527E-02  5.23126312E-03  2.73661135E-06  3.71687184E-03  3.71960853E-03
  7.95008707E+00  6.09879829E-02 -8.65351874E-04  7.48833884E-08  3.71953403E-03  3.71960900E-03
  7.96008730E+00  6.09488338E-02 -6.96415035E-03  4.84993916E-06  3.71476030E-03  3.71961016E-03
  7.97008753E+00  6.08487204E-02 -1.30590340E-02  1.70538387E-05  3.70256673E-03  3.71962064E-03
  7.98008776E+00  6.06877059E-02 -1.91439055E-02  3.66489112E-05  3.68299754E-03  3.71964648E-03
  7.99008799E+00  6.04659244E-02 -2.52126753E-02  6.35679025E-05  3.65612796E-03  3.71969584E-03
  8.00008774E+00  6.01835623E-02 -3.12592685E-02  9.77141899E-05  3.62206111E-03  3.71977524E-03
  8.01008797E+00  5.98408766E-02 -3.72776240E-02  1.38962132E-04  3.58093041E-03  3.71989259E-03
  8.02008820E+00  5.94381802E-02 -4.32617106E-02  1.87157566E-04  3.53289722E-03  3.72005487E-03
  8.03008842E+00  5.89758419E-02 -4.92055267E-02  2.42118374E-04  3.47814988E-03  3.72026814E-03
  8.04008865E+00  5.84542975E-02 -5.51031120E-02  3.03635316E-04  3.41690495E-03  3.72054032E-03
  8.05008888E+00  5.78740388E-02 -6.09485433E-02  3.71472503E-04  3.34940432E-03  3.72087676E-03
  8.06008911E+00  5.72356135E-02 -6.67359456E-02  4.45368671E-04  3.27591551E-03  3.72128421E-03
  8.07008934E+00  5.65396361E-02 -7.24595040E-02  5.25037991E-04  3.19673051E-03  3.72176850E-03
  8.08008957E+00  5.57867698E-02 -7.81134665E-02  6.10171352E-04  3.11216363E-03  3.72233498E-03
  8.09008980E+00  5.49777411E-02 -8.36921409E-02  7.00437464E-04  3.02255200E-03  3.72298947E-03
  8.10009003E+00  5.41133322E-02 -8.91899168E-02  7.95484171E-04  2.92825280E-03  3.72373685E-03
  8.11009026E+00  5.31943776E-02 -9.46012512E-02  8.94939702E-04  2.82964180E-03  3.72458156E-03
  8.12009048E+00  5.22217676E-02 -9.99206901E-02  9.98414471E-04  2.72711297E-03  3.72552732E-03
  8.13009071E+00  5.11964485E-02 -1.05142869E-01  1.10550225E-03  2.62107630E-03  3.72657855E-03
  8.14009094E+00  5.01194224E-02 -1.10262513E-01  1.21578225E-03  2.51195650E-03  3.72773875E-03
  8.15009117E+00  4.89917360E-02 -1.15274459E-01  1.32882013E-03  2.40019010E-03  3.72901023E-03
  8.16009140E+00  4.78144959E-02 -1.20173633E-01  1.44417025E-03  2.28622602E-03  3.73039627E-03
  8.17009163E+00  4.65888493E-02 -1.24955080E-01  1.56137720E-03  2.17052083E-03  3.73189803E-03
  8.18009186E+00  4.53160033E-02 -1.29613966E-01  1.67997798E-03  2.05354020E-03  3.73351807E-03
  8.19009209E+00  4.39972058E-02 -1.34145573E-01  1.79950357E-03  1.93575409E-03  3.73525778E-03
  8.20009232E+00  4.26337533E-02 -1.38545290E-01  1.91947969E-03  1.81763689E-03  3.73711670E-03
  8.21009254E+00  4.12269831E-02 -1.42808661E-01  2.03943136E-03  1.69966416E-03  3.73909553E-03
  8.22009277E+00  3.97782847E-02 -1.46931365E-01  2.15888279E-03  1.58231193E-03  3.74119473E-03
  8.23009300E+00  3.82890813E-02 -1.50909200E-01  2.27735867E-03  1.46605377E-03  3.74341244E-03
  8.24009323E+00  3.67608443E-02 -1.54738113E-01  2.39438843E-03  1.35135965E-03  3.74574820E-03
  8.25009346E+00  3.51950824E-02 -1.58414200E-01  2.50950595E-03  1.23869383E-03  3.74819990E-03
  8.26009369E+00  3.35933417E-02 -1.61933705E-01  2.62225256E-03  1.12851255E-03  3.75076523E-03
  8.27009392E+00  3.19572091E-02 -1.65293038E-01  2.73217889E-03  1.02126319E-03  3.75344208E-03
  8.28009415E+00  3.02883014E-02 -1.68488756E-01  2.83884606E-03  9.17381200E-04  3.75622720E-03
  8.29009438E+00  2.85882708E-02 -1.71517581E-01  2.94182799E-03  8.17289227E-04  3.75911733E-03
  8.30009460E+00  2.68588010E-02 -1.74376413E-01  3.04071326E-03  7.21395190E-04  3.76210851E-03
  8.31009483E+00  2.51016077E-02 -1.77062288E-01  3.13510536E-03  6.30090712E-04  3.76519607E-03
  8.32009506E+00  2.33184341E-02 -1.79572448E-01  3.22462665E-03  5.43749367E-04  3.76837607E-03
  8.33009529E+00  2.15110518E-02 -1.81904286E-01  3.30891693E-03  4.62725351E-04  3.77164222E-03
  8.34009552E+00  1.96812544E-02 -1.84055388E-01  3.38763860E-03  3.87351785E-04  3.77499033E-03
  8.35009575E+00  1.78308599E-02 -1.86023518E-01  3.46047501E-03  3.17939557E-04  3.77841457E-03
  8.36009598E+00  1.59617104E-02 -1.87806606E-01  3.52713210E-03  2.54776183E-04  3.78190819E-03
  8.37009621E+00  1.40756639E-02 -1.89402774E-01  3.58734094E-03  1.98124311E-04  3.78546515E-03
  8.38009644E+00  1.21745979E-02 -1.90810338E-01  3.64085846E-03  1.48220832E-04  3.78907938E-03
  8.39009666E+00  1.02604078E-02 -1.92027792E-01  3.68746743E-03  1.05275969E-04  3.79274343E-03
  8.40009689E+00  8.33499897E-03 -1.93053827E-01  3.72697785E-03  6.94722112E-05  3.79645010E-03
  8.41009712E+00  6.40029320E-03 -1.93887323E-01  3.75922956E-03  4.09637541E-05  3.80019331E-03
  8.42009735E+00  4.45821974E-03 -1.94527358E-01  3.78408912E-03  1.98757225E-05  3.80396494E-03
  8.43009758E+00  2.51071714E-03 -1.94973186E-01  3.80145432E-03  6.30370050E-06  3.80775798E-03
  8.44009781E+00  5.59729931E-04 -1.95224255E-01  3.81125114E-03  3.13297591E-07  3.81156453E-03
  8.45009804E+00 -1.39279244E-03 -1.95280224E-01  3.81343672E-03  1.93987080E-06  3.81537667E-03
  8.46009827E+00 -3.34489834E-03 -1.95140943E-01  3.80799896E-03  1.11883446E-05  3.81918740E-03
  8.47009850E+00 -5.29463496E-03 -1.94806457E-01  3.79495556E-03  2.80331587E-05  3.82298883E-03
  8.48009872E+00 -7.24005233E-03 -1.94276989E-01  3.77435493E-03  5.24183561E-05  3.82677326E-03
  8.49009895E+00 -9.17920191E-03 -1.93552986E-01  3.74627602E-03  8.42577501E-05  3.83053371E-03
  8.50009918E+00 -1.11101419E-02 -1.92635059E-01  3.71082663E-03  1.23435253E-04  3.83426179E-03
  8.51009941E+00 -1.30309369E-02 -1.91524044E-01  3.66814598E-03  1.69805324E-04  3.83795123E-03
  8.52009964E+00 -1.49396621E-02 -1.90220952E-01  3.61840101E-03  2.23193507E-04  3.84159456E-03
  8.53009987E+00 -1.68344025E-02 -1.88726991E-01  3.56178777E-03  2.83397094E-04  3.84518481E-03
  8.54010010E+00 -1.87132545E-02 -1.87043548E-01  3.49852885E-03  3.50185903E-04  3.84871475E-03
  8.55010033E+00 -2.05743331E-02 -1.85172215E-01  3.42887500E-03  4.23303194E-04  3.85217811E-03
  8.56010056E+00 -2.24157684E-02 -1.83114782E-01  3.35310260E-03  5.02466690E-04  3.85556929E-03
  8.57010078E+00 -2.42357086E-02 -1.80873200E-01  3.27151152E-03  5.87369548E-04  3.85888107E-03
  8.58010101E+00 -2.60323230E-02 -1.78449631E-01  3.18442704E-03  6.77681819E-04  3.86210880E-03
  8.59010124E+00 -2.78038029E-02 -1.75846398E-01  3.09219561E-03  7.73051463E-04  3.86524713E-03
  8.60010147E+00 -2.95483638E-02 -1.73066020E-01  2.99518486E-03  8.73105775E-04  3.86829069E-03
  8.61010170E+00 -3.12642492E-02 -1.70111179E-01  2.89378129E-03  9.77453310E-04  3.87123460E-03
  8.62010193E+00 -3.29497308E-02 -1.66984752E-01  2.78839073E-03  1.08568475E-03  3.87407560E-03
  8.63010216E+00 -3.46031040E-02 -1.63689777E-01  2.67943437E-03  1.19737478E-03  3.87680903E-03
  8.64010239E+00 -3.62227000E-02 -1.60229474E-01  2.56734854E-03  1.31208403E-03  3.87943257E-03
  8.65010262E+00 -3.78068835E-02 -1.56607211E-01  2.45258189E-03  1.42936048E-03  3.88194248E-03
  8.66010284E+00 -3.93540524E-02 -1.52826518E-01  2.33559450E-03  1.54874148E-03  3.88433598E-03
  8.67010307E+00 -4.08626422E-02 -1.48891106E-01  2.21685623E-03  1.66975555E-03  3.88661167E-03
  8.68010330E+00 -4.23311219E-02 -1.44804835E-01  2.09684414E-03  1.79192389E-03  3.88876814E-03
  8.69010353E+00 -4.37580049E-02 -1.40571728E-01  1.97604112E-03  1.91476301E-03  3.89080402E-03
  8.70010376E+00 -4.51418422E-02 -1.36195928E-01  1.85493310E-03  2.03778595E-03  3.89271905E-03
  8.71010399E+00 -4.64812294E-02 -1.31681740E-01  1.73400808E-03  2.16050469E-03  3.89451277E-03
  8.72010422E+00 -4.77748029E-02 -1.27033621E-01  1.61375408E-03  2.28243181E-03  3.89618590E-03
  8.73010445E+00 -4.90212515E-02 -1.22256137E-01  1.49465632E-03  2.40308302E-03  3.89773934E-03
  8.74010468E+00 -5.02193011E-02 -1.17354013E-01  1.37719640E-03  2.52197823E-03  3.89917474E-03
  8.75010490E+00 -5.13677336E-02 -1.12332083E-01  1.26184977E-03  2.63864407E-03  3.90049396E-03
  8.76010513E+00 -5.24653718E-02 -1.07195310E-01  1.14908349E-03  2.75261514E-03  3.90169863E-03
  8.77010536E+00 -5.35110906E-02 -1.01948775E-01  1.03935529E-03  2.86343670E-03  3.90279200E-03
  8.78010559E+00 -5.45038246E-02 -9.65976641E-02  9.33110889E-04  2.97066686E-03  3.90377780E-03
  8.79010582E+00 -5.54425493E-02 -9.11472812E-02  8.30782694E-04  3.07387626E-03  3.90465884E-03
  8.80010605E+00 -5.63263036E-02 -8.56030285E-02  7.32787827E-04  3.17265256E-03  3.90544045E-03
  8.81010628E+00 -5.71541712E-02 -7.99703971E-02  6.39526465E-04  3.26659926E-03  3.90612567E-03
  8.82010651E+00 -5.79252988E-02 -7.42549822E-02  5.51380217E-04  3.35534033E-03  3.90672032E-03
  8.83010674E+00 -5.86388856E-02 -6.84624538E-02  4.68710758E-04  3.43851885E-03  3.90722975E-03
  8.84010696E+00 -5.92941940E-02 -6.25985637E-02  3.91858019E-04  3.51580139E-03  3.90765956E-03
  8.85010719E+00 -5.98905347E-02 -5.66691458E-02  3.21139203E-04  3.58687621E-03  3.90801532E-03
  8.86010742E+00 -6.04272820E-02 -5.06800935E-02  2.56847212E-04  3.65145644E-03  3.90830357E-03
  8.87010765E+00 -6.09038696E-02 -4.46373671E-02  1.99249465E-04  3.70928133E-03  3.90853081E-03
  8.88010788E+00 -6.13197945E-02 -3.85469794E-02  1.48586973E-04  3.76011711E-03  3.90870403E-03
  8.89010811E+00 -6.16746061E-02 -3.24149989E-02  1.05073210E-04  3.80375702E-03  3.90883023E-03
  8.90010834E+00 -6.19679168E-02 -2.62475386E-02  6.88933287E-05  3.84002272E-03  3.90891591E-03
  8.91010857E+00 -6.21994101E-02 -2.00507473E-02  4.02032456E-05  3.86876659E-03  3.90896993E-03
  8.92010880E+00 -6.23688176E-02 -1.38308071E-02  1.91291238E-05  3.88986943E-03  3.90899833E-03
  8.93010902E+00 -6.24759383E-02 -7.59392558E-03  5.76677076E-06  3.90324276E-03  3.90900951E-03
  8.94010925E+00 -6.25206381E-02 -1.34633202E-03  1.81260987E-07  3.90883023E-03  3.90901137E-03
  8.95010948E+00 -6.25028387E-02  4.90573142E-03  2.40662007E-06  3.90660483E-03  3.90901137E-03
  8.96010971E+00 -6.24225289E-02  1.11560151E-02  1.24456665E-05  3.89657216E-03  3.90901789E-03
  8.97010994E+00 -6.22797571E-02  1.73982680E-02  3.02699718E-05  3.87876807E-03  3.90903791E-03
  8.98011017E+00 -6.20746352E-02  2.36262437E-02  5.58199426E-05  3.85326031E-03  3.90908029E-03
  8.99011040E+00 -6.18073344E-02  2.98337080E-02  8.90050142E-05  3.82014667E-03  3.90915154E-03
  9.00011063E+00 -6.14780933E-02  3.60144414E-02  1.29704000E-04  3.77955590E-03  3.90926003E-03
  9.01011086E+00 -6.10872097E-02  4.21622507E-02  1.77765542E-04  3.73164727E-03  3.90941277E-03
  9.02011108E+00 -6.06350452E-02  4.82709706E-02  2.33008672E-04  3.67660867E-03  3.90961720E-03
  9.03011131E+00 -6.01220205E-02  5.43344766E-02  2.95223523E-04  3.61465733E-03  3.90988076E-03
  9.04011154E+00 -5.95486164E-02  6.03466779E-02  3.64172156E-04  3.54603771E-03  3.91020998E-03
  9.05011177E+00 -5.89153767E-02  6.63015395E-02  4.39589436E-04  3.47102154E-03  3.91061092E-03
  9.06011200E+00 -5.82229048E-02  7.21930787E-02  5.21184062E-04  3.38990660E-03  3.91109055E-03
  9.07011223E+00 -5.74718602E-02  7.80153722E-02  6.08639850E-04  3.30301467E-03  3.91165446E-03
  9.08011246E+00 -5.66629693E-02  8.37625563E-02  7.01616576E-04  3.21069220E-03  3.91230872E-03
  9.09011269E+00 -5.57970144E-02  8.94288570E-02  7.99752015E-04  3.11330683E-03  3.91305890E-03
  9.10011292E+00 -5.48748262E-02  9.50085595E-02  9.02662636E-04  3.01124644E-03  3.91390920E-03
  9.11011314E+00 -5.38973026E-02  1.00496039E-01  1.00994541E-03  2.90491921E-03  3.91486473E-03
  9.12011337E+00 -5.28653935E-02  1.05885766E-01  1.12117955E-03  2.79474980E-03  3.91592924E-03
  9.13011360E+00 -5.17801046E-02  1.11172304E-01  1.23592815E-03  2.68117920E-03  3.91710736E-03
  9.14011383E+00 -5.06424904E-02  1.16350316E-01  1.35373964E-03  2.56466190E-03  3.91840143E-03
  9.15011406E+00 -4.94536646E-02  1.21414565E-01  1.47414964E-03  2.44566496E-03  3.91981471E-03
  9.16011429E+00 -4.82147895E-02  1.26359925E-01  1.59668305E-03  2.32466590E-03  3.92134907E-03
  9.17011452E+00 -4.69270833E-02  1.31181404E-01  1.72085618E-03  2.20215111E-03  3.92300729E-03
  9.18011475E+00 -4.55918089E-02  1.35874107E-01  1.84617739E-03  2.07861303E-03  3.92479030E-03
  9.19011497E+00 -4.42102738E-02  1.40433282E-01  1.97215076E-03  1.95454829E-03  3.92669905E-03
  9.20011520E+00 -4.27838340E-02  1.44854307E-01  2.09827698E-03  1.83045643E-03  3.92873352E-03
  9.21011543E+00 -4.13139015E-02  1.49132684E-01  2.22405582E-03  1.70683849E-03  3.93089419E-03
  9.22011566E+00 -3.98019180E-02  1.53264076E-01  2.34898785E-03  1.58419262E-03  3.93318059E-03
  9.23011589E+00 -3.82493772E-02  1.57244265E-01  2.47257599E-03  1.46301487E-03  3.93559085E-03
  9.24011612E+00 -3.66578102E-02  1.61069199E-01  2.59432872E-03  1.34379510E-03  3.93812358E-03
  9.25011635E+00 -3.50287892E-02  1.64734975E-01  2.71376106E-03  1.22701610E-03  3.94077692E-03
  9.26011658E+00 -3.33639272E-02  1.68237850E-01  2.83039734E-03  1.11315167E-03  3.94354900E-03
  9.27011681E+00 -3.16648670E-02  1.71574250E-01  2.94377236E-03  1.00266375E-03  3.94643610E-03
  9.28011703E+00 -2.99332924E-02  1.74740732E-01  3.05343233E-03  8.96001991E-04  3.94943450E-03
  9.29011726E+00 -2.81709190E-02  1.77734062E-01  3.15893977E-03  7.93600688E-04  3.95254046E-03
  9.30011749E+00 -2.63794940E-02  1.80551156E-01  3.25987185E-03  6.95877708E-04  3.95574979E-03
  9.31011772E+00 -2.45607924E-02  1.83189109E-01  3.35582509E-03  6.03232533E-04  3.95905785E-03
  9.32011795E+00 -2.27166209E-02  1.85645193E-01  3.44641390E-03  5.16044849E-04  3.96245858E-03
  9.33011818E+00 -2.08488107E-02  1.87916860E-01  3.53127462E-03  4.34672897E-04  3.96594731E-03
  9.34011841E+00 -1.89592168E-02  1.90001741E-01  3.61006637E-03  3.59451893E-04  3.96951847E-03
  9.35011864E+00 -1.70497205E-02  1.91897660E-01  3.68247111E-03  2.90692959E-04  3.97316413E-03
  9.36011887E+00 -1.51222199E-02  1.93602636E-01  3.74819827E-03  2.28681529E-04  3.97687964E-03
  9.37011909E+00 -1.31786326E-02  1.95114851E-01  3.80698033E-03  1.73676352E-04  3.98065662E-03
  9.38011932E+00 -1.12208948E-02  1.96432710E-01  3.85858095E-03  1.25908482E-04  3.98448948E-03
  9.39011955E+00 -9.25095752E-03  1.97554797E-01  3.90278990E-03  8.55802136E-05  3.98837030E-03
  9.40011978E+00 -7.27078412E-03  1.98479891E-01  3.93942697E-03  5.28643031E-05  3.99229117E-03
  9.41012001E+00 -5.28234988E-03  1.99206963E-01  3.96834128E-03  2.79032211E-05  3.99624463E-03
  9.42012024E+00 -3.28763900E-03  1.99735194E-01  3.98941478E-03  1.08085706E-05  4.00022324E-03
  9.43012047E+00 -1.28864334E-03  2.00063959E-01  4.00255900E-03  1.66060170E-06  4.00421955E-03
  9.44012070E+00  7.12640409E-04  2.00192824E-01  4.00771713E-03  5.07856328E-07  4.00822517E-03
  9.45012093E+00  2.71421229E-03  2.00121567E-01  4.00486402E-03  7.36694847E-06  4.01223078E-03
  9.46012115E+00  4.71407082E-03  1.99850142E-01  3.99400806E-03  2.22224644E-05  4.01623035E-03
  9.47012138E+00  6.71021501E-03  1.99378729E-01  3.97518789E-03  4.50269872E-05  4.02021501E-03
  9.48012161E+00  8.70064646E-03  1.98707715E-01  3.94847570E-03  7.57012458E-05  4.02417686E-03
  9.49012184E+00  1.06833735E-02  1.97837651E-01  3.91397392E-03  1.14134469E-04  4.02810844E-03
  9.50012207E+00  1.26564074E-02  1.96769312E-01  3.87181644E-03  1.60184645E-04  4.03200090E-03
  9.51012230E+00  1.46177718E-02  1.95503667E-01  3.82216834E-03  2.13679246E-04  4.03584773E-03
  9.52012253E+00  1.65654998E-02  1.94041893E-01  3.76522588E-03  2.74415797E-04  4.03964147E-03
  9.53012276E+00  1.84976347E-02  1.92385346E-01  3.70121235E-03  3.42162501E-04  4.04337468E-03
  9.54012299E+00  2.04122402E-02  1.90535575E-01  3.63038084E-03  4.16659546E-04  4.04704036E-03
  9.55012321E+00  2.23073903E-02  1.88494354E-01  3.55301215E-03  4.97619680E-04  4.05063201E-03
  9.56012344E+00  2.41811797E-02  1.86263621E-01  3.46941361E-03  5.84729423E-04  4.05414309E-03
  9.57012367E+00  2.60317251E-02  1.83845505E-01  3.37991724E-03  6.77650736E-04  4.05756803E-03
  9.58012390E+00  2.78571639E-02  1.81242332E-01  3.28487833E-03  7.76021567E-04  4.06089984E-03
  9.59012413E+00  2.96556577E-02  1.78456619E-01  3.18467664E-03  8.79458035E-04  4.06413479E-03
  9.60012436E+00  3.14253978E-02  1.75491050E-01  3.07971099E-03  9.87555599E-04  4.06726636E-03
  9.61012459E+00  3.31645943E-02  1.72348514E-01  2.97040096E-03  1.09989033E-03  4.07029130E-03
  9.62012482E+00  3.48715000E-02  1.69032052E-01  2.85718357E-03  1.21602148E-03  4.07320494E-03
  9.63012505E+00  3.65443863E-02  1.65544897E-01  2.74051144E-03  1.33549212E-03  4.07600356E-03
  9.64012527E+00  3.81815620E-02  1.61890462E-01  2.62085232E-03  1.45783171E-03  4.07868391E-03
  9.65012550E+00  3.97813730E-02  1.58072308E-01  2.49868538E-03  1.58255768E-03  4.08124318E-03
  9.66012573E+00  4.13422063E-02  1.54094175E-01  2.37450167E-03  1.70917797E-03  4.08367952E-03
  9.67012596E+00  4.28624749E-02  1.49959952E-01  2.24879873E-03  1.83719175E-03  4.08599060E-03
  9.68012619E+00  4.43406440E-02  1.45673707E-01  2.12208298E-03  1.96609274E-03  4.08817548E-03
  9.69012642E+00  4.57752123E-02  1.41239643E-01  1.99486385E-03  2.09537009E-03  4.09023371E-03
  9.70012665E+00  4.71647196E-02  1.36662126E-01  1.86765369E-03  2.22451077E-03  4.09216434E-03
  9.71012688E+00  4.85077612E-02  1.31945655E-01  1.74096564E-03  2.35300278E-03  4.09396831E-03
  9.72012711E+00  4.98029627E-02  1.27094880E-01  1.61531090E-03  2.48033507E-03  4.09564609E-03
  9.73012733E+00  5.10490127E-02  1.22114584E-01  1.49119727E-03  2.60600168E-03  4.09719907E-03
  9.74012756E+00  5.22446334E-02  1.17009684E-01  1.36912661E-03  2.72950181E-03  4.09862865E-03
  9.75012779E+00  5.33886068E-02  1.11785218E-01  1.24959357E-03  2.85034324E-03  4.09993669E-03
  9.76012802E+00  5.44797629E-02  1.06446356E-01  1.13308267E-03  2.96804449E-03  4.10112739E-03
  9.77012825E+00  5.55169880E-02  1.00998379E-01  1.02006726E-03  3.08213593E-03  4.10220306E-03
  9.78012848E+00  5.64992130E-02  9.54466835E-02  9.11006995E-04  3.19216098E-03  4.10316791E-03
  9.79012871E+00  5.74254319E-02  8.97967592E-02  8.06345779E-04  3.29768029E-03  4.10402613E-03
  9.80012894E+00  5.82946837E-02  8.40542167E-02  7.06511142E-04  3.39827011E-03  4.10478143E-03
  9.81012917E+00  5.91060780E-02  7.82247484E-02  6.11911120E-04  3.49352835E-03  4.10543941E-03
  9.82012939E+00  5.98587729E-02  7.23141432E-02  5.22933551E-04  3.58307268E-03  4.10600612E-03
  9.83012962E+00  6.05519861E-02  6.63282648E-02  4.39943891E-04  3.66654294E-03  4.10648668E-03
  9.84012985E+00  6.11849949E-02  6.02730662E-02  3.63284256E-04  3.74360359E-03  4.10688762E-03
  9.85013008E+00  6.17571324E-02  5.41545674E-02  2.93271703E-04  3.81394336E-03  4.10721498E-03
  9.86013031E+00  6.22677989E-02  4.79788557E-02  2.30197053E-04  3.87727888E-03  4.10747575E-03
  9.87013054E+00  6.27164543E-02  4.17520776E-02  1.74323606E-04  3.93335382E-03  4.10767738E-03
  9.88013077E+00  6.31026179E-02  3.54804322E-02  1.25886101E-04  3.98194045E-03  4.10782639E-03
  9.89013100E+00  6.34258687E-02  2.91701704E-02  8.50898869E-05  4.02284088E-03  4.10793070E-03
  9.90013123E+00  6.36858642E-02  2.28275843E-02  5.21098627E-05  4.05588932E-03  4.10799915E-03
  9.91013145E+00  6.38822988E-02  1.64589975E-02  2.70898599E-05  4.08094795E-03  4.10803780E-03
  9.92013168E+00  6.40149489E-02  1.00707673E-02  1.01420355E-05  4.09791386E-03  4.10805596E-03
  9.93013191E+00  6.40836507E-02  3.66927264E-03  1.34635627E-06  4.10671439E-03  4.10806062E-03
  9.94013214E+00  6.40882999E-02 -2.73909187E-03  7.50262416E-07  4.10730997E-03  4.10806015E-03
  9.95013237E+00  6.40288666E-02 -9.14792158E-03  8.36844720E-06  4.09969594E-03  4.10806434E-03
  9.96013260E+00  6.39053732E-02 -1.55508080E-02  2.41827638E-05  4.08389652E-03  4.10807924E-03
  9.97013283E+00  6.37179092E-02 -2.19413452E-02  4.81422649E-05  4.05997178E-03  4.10811417E-03
  9.98013306E+00  6.34666383E-02 -2.83131357E-02  8.01633651E-05  4.02801437E-03  4.10817796E-03
  9.99013329E+00  6.31517768E-02 -3.46597992E-02  1.20130171E-04  3.98814678E-03  4.10827715E-03
  1.00001335E+01  6.27736002E-02 -4.09749746E-02  1.67894861E-04  3.94052500E-03  4.10841964E-03
