# t x v Ek Ep ET
  0.00000000E+00  5.00000007E-02  0.00000000E+00  0.00000000E+00  2.50000018E-03  2.50000018E-03
  1.99999996E-02  4.99000996E-02 -9.98999923E-03  9.98000814E-06  2.49001989E-03  2.49999994E-03
  3.99999991E-02  4.96008024E-02 -1.99400596E-02  3.97605982E-05  2.46023969E-03  2.50000018E-03
  5.99999987E-02  4.91032973E-02 -2.98104212E-02  8.88661234E-05  2.41113384E-03  2.49999994E-03
  7.99999982E-02  4.84095775E-02 -3.95616367E-02  1.56512309E-04  2.34348723E-03  2.49999948E-03
  9.99999940E-02  4.75224145E-02 -4.91547473E-02  2.41618938E-04  2.25837994E-03  2.49999878E-03
  1.19999990E-01  4.64453511E-02 -5.85514158E-02  3.42826825E-04  2.15717056E-03  2.49999738E-03
  1.39999986E-01  4.51826975E-02 -6.77140951E-02  4.58519877E-04  2.04147608E-03  2.49999599E-03
  1.59999982E-01  4.37394977E-02 -7.66061693E-02  5.86850510E-04  1.91314367E-03  2.49999412E-03
  1.79999977E-01  4.21215147E-02 -8.51921067E-02  7.25769496E-04  1.77422201E-03  2.49999156E-03
  1.99999973E-01  4.03352156E-02 -9.34375972E-02  8.73058510E-04  1.62692962E-03  2.49998807E-03
  2.19999969E-01  3.83877419E-02 -1.01309702E-01  1.02636556E-03  1.47361867E-03  2.49998411E-03
  2.39999965E-01  3.62868756E-02 -1.08776957E-01  1.18324265E-03  1.31673738E-03  2.49997992E-03
  2.59999961E-01  3.40410098E-02 -1.15809523E-01  1.34118448E-03  1.15879031E-03  2.49997480E-03
  2.79999971E-01  3.16591188E-02 -1.22379296E-01  1.49766926E-03  1.00229983E-03  2.49996921E-03
  2.99999982E-01  2.91507244E-02 -1.28460035E-01  1.65019801E-03  8.49764736E-04  2.49996269E-03
  3.19999993E-01  2.65258495E-02 -1.34027421E-01  1.79633498E-03  7.03620666E-04  2.49995571E-03
  3.40000004E-01  2.37949826E-02 -1.39059231E-01  1.93374697E-03  5.66201168E-04  2.49994826E-03
  3.60000014E-01  2.09690370E-02 -1.43535346E-01  2.06023967E-03  4.39700525E-04  2.49994011E-03
  3.80000025E-01  1.80593040E-02 -1.47437885E-01  2.17379304E-03  3.26138455E-04  2.49993149E-03
  4.00000036E-01  1.50774131E-02 -1.50751263E-01  2.27259449E-03  2.27328390E-04  2.49992288E-03
  4.20000046E-01  1.20352777E-02 -1.53462231E-01  2.35506566E-03  1.44847902E-04  2.49991356E-03
  4.40000057E-01  8.94505624E-03 -1.55559957E-01  2.41989014E-03  8.00140333E-05  2.49990425E-03
  4.60000068E-01  5.81909623E-03 -1.57036066E-01  2.46603275E-03  3.38618811E-05  2.49989470E-03
  4.80000079E-01  2.66988925E-03 -1.57884642E-01  2.49275612E-03  7.12830843E-06  2.49988446E-03
  5.00000060E-01 -4.89980215E-04 -1.58102319E-01  2.49963440E-03  2.40080624E-07  2.49987445E-03
  5.20000041E-01 -3.64788529E-03 -1.57688215E-01  2.48655747E-03  1.33070671E-05  2.49986444E-03
  5.40000021E-01 -6.79120701E-03 -1.56643987E-01  2.45373393E-03  4.61204909E-05  2.49985442E-03
  5.60000002E-01 -9.90738533E-03 -1.54973820E-01  2.40168860E-03  9.81562844E-05  2.49984488E-03
  5.79999983E-01 -1.29839666E-02 -1.52684376E-01  2.33125198E-03  1.68583385E-04  2.49983533E-03
  5.99999964E-01 -1.60086583E-02 -1.49784803E-01  2.24354886E-03  2.56277155E-04  2.49982602E-03
  6.19999945E-01 -1.89693738E-02 -1.46286711E-01  2.13998021E-03  3.59837140E-04  2.49981740E-03
  6.39999926E-01 -2.18542814E-02 -1.42204061E-01  2.02219957E-03  4.77609603E-04  2.49980926E-03
  6.59999907E-01 -2.46518534E-02 -1.37553170E-01  1.89208740E-03  6.07713882E-04  2.49980134E-03
  6.79999888E-01 -2.73509119E-02 -1.32352620E-01  1.75172172E-03  7.48072402E-04  2.49979412E-03
  6.99999869E-01 -2.99406685E-02 -1.26623198E-01  1.60334352E-03  8.96443613E-04  2.49978714E-03
  7.19999850E-01 -3.24107781E-02 -1.20387807E-01  1.44932244E-03  1.05045852E-03  2.49978108E-03
  7.39999831E-01 -3.47513705E-02 -1.13671355E-01  1.29211775E-03  1.20765774E-03  2.49977550E-03
  7.59999812E-01 -3.69530879E-02 -1.06500685E-01  1.13423960E-03  1.36553065E-03  2.49977037E-03
  7.79999793E-01 -3.90071385E-02 -9.89044607E-02  9.78209311E-04  1.52155687E-03  2.49976618E-03
  7.99999774E-01 -4.09053117E-02 -9.09130275E-02  8.26517877E-04  1.67324452E-03  2.49976246E-03
  8.19999754E-01 -4.26400267E-02 -8.25583190E-02  6.81587611E-04  1.81817182E-03  2.49975943E-03
  8.39999735E-01 -4.42043468E-02 -7.38737285E-02  5.45732793E-04  1.95402419E-03  2.49975687E-03
  8.59999716E-01 -4.55920249E-02 -6.48939535E-02  4.21122502E-04  2.07863282E-03  2.49975524E-03
  8.79999697E-01 -4.67975140E-02 -5.56548797E-02  3.09746567E-04  2.19000736E-03  2.49975384E-03
  8.99999678E-01 -4.78159972E-02 -4.61934283E-02  2.13383275E-04  2.28636968E-03  2.49975291E-03
  9.19999659E-01 -4.86434065E-02 -3.65474075E-02  1.33571302E-04  2.36618100E-03  2.49975221E-03
  9.39999640E-01 -4.92764339E-02 -2.67553590E-02  7.15849237E-05  2.42816703E-03  2.49975198E-03
  9.59999621E-01 -4.97125536E-02 -1.68564171E-02  2.84138805E-05  2.47133803E-03  2.49975198E-03
  9.79999602E-01 -4.99500185E-02 -6.89013582E-03  4.74739727E-06  2.49500433E-03  2.49975175E-03
  9.99999583E-01 -4.99878824E-02  3.10365763E-03  9.63269031E-07  2.49878829E-03  2.49975151E-03
  1.01999962E+00 -4.98259924E-02  1.30850282E-02  1.71217962E-05  2.48262961E-03  2.49975151E-03
  1.03999960E+00 -4.94650006E-02  2.30140910E-02  5.29648387E-05  2.44678627E-03  2.49975105E-03
  1.05999959E+00 -4.89063486E-02  3.28511707E-02  1.07919936E-04  2.39183102E-03  2.49975105E-03
  1.07999957E+00 -4.81522679E-02  4.25569564E-02  1.81109455E-04  2.31864094E-03  2.49975035E-03
  1.09999955E+00 -4.72057723E-02  5.20926639E-02  2.71364552E-04  2.22838484E-03  2.49974942E-03
  1.11999953E+00 -4.60706465E-02  6.14201911E-02  3.77243996E-04  2.12250440E-03  2.49974849E-03
  1.13999951E+00 -4.47514206E-02  7.05022663E-02  4.97056986E-04  2.00268975E-03  2.49974662E-03
  1.15999949E+00 -4.32533734E-02  7.93025941E-02  6.28890179E-04  1.87085429E-03  2.49974453E-03
  1.17999947E+00 -4.15824838E-02  8.77860114E-02  7.70638406E-04  1.72910292E-03  2.49974127E-03
  1.19999945E+00 -3.97454351E-02  9.59186181E-02  9.20038146E-04  1.57969957E-03  2.49973778E-03
  1.21999943E+00 -3.77495699E-02  1.03667922E-01  1.07470376E-03  1.42503006E-03  2.49973382E-03
  1.23999941E+00 -3.56028602E-02  1.11002952E-01  1.23216561E-03  1.26756367E-03  2.49972939E-03
  1.25999939E+00 -3.33138853E-02  1.17894396E-01  1.38990895E-03  1.10981497E-03  2.49972381E-03
  1.27999938E+00 -3.08917947E-02  1.24314718E-01  1.54541491E-03  9.54302959E-04  2.49971775E-03
  1.29999936E+00 -2.83462647E-02  1.30238265E-01  1.69620046E-03  8.03510717E-04  2.49971123E-03
  1.31999934E+00 -2.56874673E-02  1.35641366E-01  1.83985813E-03  6.59846002E-04  2.49970425E-03
  1.33999932E+00 -2.29260288E-02  1.40502438E-01  1.97409349E-03  5.25602780E-04  2.49969633E-03
  1.35999930E+00 -2.00729854E-02  1.44802049E-01  2.09676335E-03  4.02924750E-04  2.49968818E-03
  1.37999928E+00 -1.71397347E-02  1.48523033E-01  2.20590900E-03  2.93770514E-04  2.49967957E-03
  1.39999926E+00 -1.41379992E-02  1.51650503E-01  2.29978748E-03  1.99883027E-04  2.49967049E-03
  1.41999924E+00 -1.10797742E-02  1.54171973E-01  2.37689982E-03  1.22761398E-04  2.49966118E-03
  1.43999922E+00 -7.97728077E-03  1.56077370E-01  2.43601459E-03  6.36370096E-05  2.49965163E-03
  1.45999920E+00 -4.84291650E-03  1.57359079E-01  2.47618812E-03  2.34538402E-05  2.49964185E-03
  1.47999918E+00 -1.68920599E-03  1.58011973E-01  2.49677850E-03  2.85341685E-06  2.49963184E-03
  1.49999917E+00  1.47124822E-03  1.58033445E-01  2.49745697E-03  2.16457124E-06  2.49962159E-03
  1.51999915E+00  4.62581683E-03  1.57423422E-01  2.47821352E-03  2.13981821E-05  2.49961158E-03
  1.53999913E+00  7.76189426E-03  1.56184331E-01  2.43935455E-03  6.02470027E-05  2.49960157E-03
  1.55999911E+00  1.08669493E-02  1.54321134E-01  2.38150125E-03  1.18090589E-04  2.49959179E-03
  1.57999909E+00  1.39285736E-02  1.51841283E-01  2.30557751E-03  1.94005159E-04  2.49958271E-03
  1.59999907E+00  1.69345327E-02  1.48754671E-01  2.21279520E-03  2.86778406E-04  2.49957363E-03
  1.61999905E+00  1.98728163E-02  1.45073637E-01  2.10463605E-03  3.94928822E-04  2.49956478E-03
  1.63999903E+00  2.27316804E-02  1.40812904E-01  1.98282744E-03  5.16729313E-04  2.49955663E-03
  1.65999901E+00  2.54997034E-02  1.35989487E-01  1.84931408E-03  6.50234870E-04  2.49954895E-03
  1.67999899E+00  2.81658247E-02  1.30622670E-01  1.70622824E-03  7.93313666E-04  2.49954197E-03
  1.69999897E+00  3.07193901E-02  1.24733895E-01  1.55585445E-03  9.43680934E-04  2.49953545E-03
  1.71999896E+00  3.31501961E-02  1.18346691E-01  1.40059402E-03  1.09893549E-03  2.49952963E-03
  1.73999894E+00  3.54485288E-02  1.11486591E-01  1.24292600E-03  1.25659816E-03  2.49952404E-03
  1.75999892E+00  3.76052037E-02  1.04180999E-01  1.08536810E-03  1.41415140E-03  2.49951938E-03
  1.77999890E+00  3.96116041E-02  9.64591205E-02  9.30436247E-04  1.56907912E-03  2.49951542E-03
  1.79999888E+00  4.14597131E-02  8.83518010E-02  7.80604081E-04  1.71890785E-03  2.49951193E-03
  1.81999886E+00  4.31421436E-02  7.98914507E-02  6.38264406E-04  1.86124456E-03  2.49950890E-03
  1.83999884E+00  4.46521752E-02  7.11118653E-02  5.05689706E-04  1.99381681E-03  2.49950658E-03
  1.85999882E+00  4.59837765E-02  6.20481372E-02  3.84997140E-04  2.11450760E-03  2.49950471E-03
  1.87999880E+00  4.71316203E-02  5.27364835E-02  2.78113672E-04  2.22138967E-03  2.49950332E-03
  1.89999878E+00  4.80911285E-02  4.32141125E-02  1.86745950E-04  2.31275661E-03  2.49950262E-03
  1.91999876E+00  4.88584600E-02  3.35190780E-02  1.12352856E-04  2.38714903E-03  2.49950192E-03
  1.93999875E+00  4.94305529E-02  2.36901194E-02  5.61221750E-05  2.44337949E-03  2.49950169E-03
  1.95999873E+00  4.98051196E-02  1.37665151E-02  1.89516941E-05  2.48054997E-03  2.49950169E-03
  1.97999871E+00  4.99806628E-02  3.78791895E-03  1.43483305E-06  2.49806675E-03  2.49950169E-03
  1.99999869E+00  4.99564819E-02 -6.20579347E-03  3.85118756E-06  2.49564997E-03  2.49950122E-03
  2.01999879E+00  4.97326776E-02 -1.61746871E-02  2.61620498E-05  2.47333921E-03  2.49950122E-03
  2.03999877E+00  4.93101440E-02 -2.60789264E-02  6.80110461E-05  2.43149023E-03  2.49950122E-03
  2.05999875E+00  4.86905649E-02 -3.58789340E-02  1.28729793E-04  2.37077102E-03  2.49950076E-03
  2.07999873E+00  4.78764176E-02 -4.55355495E-02  2.07348639E-04  2.29215133E-03  2.49950006E-03
  2.09999871E+00  4.68709618E-02 -5.50101846E-02  3.02612054E-04  2.19688704E-03  2.49949913E-03
  2.11999869E+00  4.56782095E-02 -6.42649829E-02  4.12998808E-04  2.08649877E-03  2.49949750E-03
  2.13999867E+00  4.43029292E-02 -7.32629597E-02  5.36746113E-04  1.96274952E-03  2.49949563E-03
  2.15999866E+00  4.27506194E-02 -8.19681585E-02  6.71877933E-04  1.82761543E-03  2.49949330E-03
  2.17999864E+00  4.10274789E-02 -9.03457999E-02  8.16236367E-04  1.68325403E-03  2.49949051E-03
  2.19999862E+00  3.91403995E-02 -9.83624011E-02  9.67516215E-04  1.53197092E-03  2.49948725E-03
  2.21999860E+00  3.70969176E-02 -1.05985925E-01  1.12330157E-03  1.37618126E-03  2.49948283E-03
  2.23999858E+00  3.49051990E-02 -1.13185920E-01  1.28110533E-03  1.21837296E-03  2.49947840E-03
  2.25999856E+00  3.25740054E-02 -1.19933605E-01  1.43840699E-03  1.06106582E-03  2.49947282E-03
  2.27999854E+00  3.01126502E-02 -1.26202017E-01  1.59269501E-03  9.06771689E-04  2.49946676E-03
  2.29999852E+00  2.75309682E-02 -1.31966114E-01  1.74150558E-03  7.57954200E-04  2.49945978E-03
  2.31999850E+00  2.48392783E-02 -1.37202874E-01  1.88246300E-03  6.16989739E-04  2.49945279E-03
  2.33999848E+00  2.20483355E-02 -1.41891360E-01  2.01331591E-03  4.86129109E-04  2.49944511E-03
  2.35999846E+00  1.91692933E-02 -1.46012828E-01  2.13197456E-03  3.67461820E-04  2.49943649E-03
  2.37999845E+00  1.62136573E-02 -1.49550825E-01  2.23654485E-03  2.62882677E-04  2.49942765E-03
  2.39999843E+00  1.31932367E-02 -1.52491212E-01  2.32535694E-03  1.74061497E-04  2.49941833E-03
  2.41999841E+00  1.01201022E-02 -1.54822245E-01  2.39699287E-03  1.02416467E-04  2.49940925E-03
  2.43999839E+00  7.00653438E-03 -1.56534597E-01  2.45030806E-03  4.90915227E-05  2.49939947E-03
  2.45999837E+00  3.86497425E-03 -1.57621428E-01  2.48445151E-03  1.49380257E-05  2.49938946E-03
  2.47999835E+00  7.07976054E-04 -1.58078402E-01  2.49887817E-03  5.01230090E-07  2.49937945E-03
  2.49999833E+00 -2.45184498E-03 -1.57903701E-01  2.49335798E-03  6.01154397E-06  2.49936944E-03
  2.51999831E+00 -5.60186198E-03 -1.57098010E-01  2.46797851E-03  3.13808559E-05  2.49935943E-03
  2.53999829E+00 -8.72948766E-03 -1.55664563E-01  2.42314558E-03  7.62039563E-05  2.49934942E-03
  2.55999827E+00 -1.18222237E-02 -1.53609082E-01  2.35957513E-03  1.39764976E-04  2.49934010E-03
  2.57999825E+00 -1.48677127E-02 -1.50939777E-01  2.27828161E-03  2.21048889E-04  2.49933056E-03
  2.59999824E+00 -1.78537834E-02 -1.47667333E-01  2.18056422E-03  3.18757578E-04  2.49932171E-03
  2.61999822E+00 -2.07685046E-02 -1.43804818E-01  2.06798268E-03  4.31330787E-04  2.49931356E-03
  2.63999820E+00 -2.36002281E-02 -1.39367655E-01  1.94233435E-03  5.56970772E-04  2.49930518E-03
  2.65999818E+00 -2.63376404E-02 -1.34373590E-01  1.80562621E-03  6.93671289E-04  2.49929749E-03
  2.67999816E+00 -2.89698020E-02 -1.28842577E-01  1.66004093E-03  8.39249406E-04  2.49929028E-03
  2.69999814E+00 -3.14861946E-02 -1.22796729E-01  1.50790368E-03  9.91380424E-04  2.49928422E-03
  2.71999812E+00 -3.38767655E-02 -1.16260193E-01  1.35164324E-03  1.14763528E-03  2.49927863E-03
  2.73999810E+00 -3.61319594E-02 -1.09259099E-01  1.19375507E-03  1.30551844E-03  2.49927351E-03
  2.75999808E+00 -3.82427648E-02 -1.01821415E-01  1.03676005E-03  1.46250904E-03  2.49926909E-03
  2.77999806E+00 -4.02007475E-02 -9.39768702E-02  8.83165223E-04  1.61610008E-03  2.49926536E-03
  2.79999804E+00 -4.19980809E-02 -8.57568085E-02  7.35423004E-04  1.76383881E-03  2.49926187E-03
  2.81999803E+00 -4.36275899E-02 -7.71940798E-02  5.95892605E-04  1.90336665E-03  2.49925931E-03
  2.83999801E+00 -4.50827628E-02 -6.83228970E-02  4.66801837E-04  2.03245552E-03  2.49925745E-03
  2.85999799E+00 -4.63577807E-02 -5.91787137E-02  3.50212038E-04  2.14904384E-03  2.49925582E-03
  2.87999797E+00 -4.74475473E-02 -4.97980714E-02  2.47984804E-04  2.25126976E-03  2.49925465E-03
  2.89999795E+00 -4.83477116E-02 -4.02184576E-02  1.61752439E-04  2.33750115E-03  2.49925349E-03
  2.91999793E+00 -4.90546785E-02 -3.04781478E-02  9.28917507E-05  2.40636151E-03  2.49925326E-03
  2.93999791E+00 -4.95656207E-02 -2.06160676E-02  4.25022263E-05  2.45675072E-03  2.49925302E-03
  2.95999789E+00 -4.98785004E-02 -1.06716249E-02  1.13883580E-05  2.48786481E-03  2.49925326E-03
  2.97999787E+00 -4.99920622E-02 -6.84556551E-04  4.68617678E-08  2.49920622E-03  2.49925302E-03
  2.99999785E+00 -4.99058552E-02  9.30522662E-03  8.65872425E-06  2.49059428E-03  2.49925302E-03
  3.01999784E+00 -4.96202260E-02  1.92578062E-02  3.70863090E-05  2.46216683E-03  2.49925302E-03
  3.03999782E+00 -4.91363108E-02  2.91334111E-02  8.48755662E-05  2.41437694E-03  2.49925256E-03
  3.05999780E+00 -4.84560505E-02  3.88925783E-02  1.51263273E-04  2.34798877E-03  2.49925209E-03
  3.07999778E+00 -4.75821607E-02  4.84963134E-02  2.35189247E-04  2.26406194E-03  2.49925116E-03
  3.09999776E+00 -4.65181321E-02  5.79062365E-02  3.35313234E-04  2.16393662E-03  2.49924976E-03
  3.11999774E+00 -4.52682227E-02  6.70847446E-02  4.50036314E-04  2.04921188E-03  2.49924813E-03
  3.13999772E+00 -4.38374244E-02  7.59951621E-02  5.77526458E-04  1.92171976E-03  2.49924627E-03
  3.15999770E+00 -4.22314517E-02  8.46018866E-02  7.15747941E-04  1.78349554E-03  2.49924348E-03
  3.17999768E+00 -4.04567271E-02  9.28705260E-02  8.62493471E-04  1.63674681E-03  2.49924022E-03
  3.19999766E+00 -3.85203399E-02  1.00768037E-01  1.01541972E-03  1.48381654E-03  2.49923626E-03
  3.21999764E+00 -3.64300311E-02  1.08262867E-01  1.17208483E-03  1.32714713E-03  2.49923207E-03
  3.23999763E+00 -3.41941528E-02  1.15325063E-01  1.32998708E-03  1.16924010E-03  2.49922718E-03
  3.25999761E+00 -3.18216383E-02  1.21926405E-01  1.48660492E-03  1.01261667E-03  2.49922159E-03
  3.27999759E+00 -2.93219686E-02  1.28040522E-01  1.63943751E-03  8.59777851E-04  2.49921530E-03
  3.29999757E+00 -2.67051328E-02  1.33642972E-01  1.78604445E-03  7.13164103E-04  2.49920855E-03
  3.31999755E+00 -2.39815880E-02  1.38711378E-01  1.92408473E-03  5.75116544E-04  2.49920134E-03
  3.33999753E+00 -2.11622193E-02  1.43225476E-01  2.05135369E-03  4.47839528E-04  2.49919319E-03
  3.35999751E+00 -1.82582922E-02  1.47167236E-01  2.16581952E-03  3.33365228E-04  2.49918480E-03
  3.37999749E+00 -1.52814109E-02  1.50520906E-01  2.26565427E-03  2.33521525E-04  2.49917572E-03
  3.39999747E+00 -1.22434711E-02  1.53273091E-01  2.34926399E-03  1.49902582E-04  2.49916664E-03
  3.41999745E+00 -9.15661175E-03  1.55412793E-01  2.41531362E-03  8.38435371E-05  2.49915710E-03
  3.43999743E+00 -6.03316957E-03  1.56931460E-01  2.46274821E-03  3.63991348E-05  2.49914732E-03
  3.45999742E+00 -2.88562500E-03  1.57823026E-01  2.49081082E-03  8.32683145E-06  2.49913754E-03
  3.47999740E+00  2.73444370E-04  1.58083931E-01  2.49905302E-03  7.47718261E-08  2.49912776E-03
  3.49999738E+00  3.43141495E-03  1.57713130E-01  2.48734327E-03  1.17746085E-05  2.49911798E-03
  3.51999736E+00  6.57566683E-03  1.56712100E-01  2.45586829E-03  4.32393936E-05  2.49910774E-03
  3.53999734E+00  9.69363656E-03  1.55084863E-01  2.40513147E-03  9.39665915E-05  2.49909796E-03
  3.55999732E+00  1.27728637E-02  1.52837902E-01  2.33594235E-03  1.63146047E-04  2.49908841E-03
  3.57999730E+00  1.58010460E-02  1.49980202E-01  2.24940619E-03  2.49673059E-04  2.49907933E-03
  3.59999728E+00  1.87660791E-02  1.46523193E-01  2.14690459E-03  3.52165720E-04  2.49907025E-03
  3.61999726E+00  2.16561183E-02  1.42480686E-01  2.03007460E-03  4.68987448E-04  2.49906210E-03
  3.63999724E+00  2.44596135E-02  1.37868837E-01  1.90078176E-03  5.98272716E-04  2.49905442E-03
  3.65999722E+00  2.71653626E-02  1.32706076E-01  1.76109024E-03  7.37956900E-04  2.49904720E-03
  3.67999721E+00  2.97625549E-02  1.27013028E-01  1.61323103E-03  8.85809655E-04  2.49904068E-03
  3.69999719E+00  3.22408080E-02  1.20812446E-01  1.45956478E-03  1.03946973E-03  2.49903463E-03
  3.71999717E+00  3.45902257E-02  1.14129111E-01  1.30254542E-03  1.19648373E-03  2.49902904E-03
  3.73999715E+00  3.68014127E-02  1.06989726E-01  1.14468019E-03  1.35434396E-03  2.49902415E-03
  3.75999713E+00  3.88655402E-02  9.94228274E-02  9.88489832E-04  1.51053024E-03  2.49902019E-03
  3.77999711E+00  4.07743528E-02  9.14586484E-02  8.36468418E-04  1.66254782E-03  2.49901623E-03
  3.79999709E+00  4.25202288E-02  8.31290185E-02  6.91043388E-04  1.80796988E-03  2.49901321E-03
  3.81999707E+00  4.40961905E-02  7.44672194E-02  5.54536644E-04  1.94447406E-03  2.49901065E-03
  3.83999705E+00  4.54959422E-02  6.55078664E-02  4.29128064E-04  2.06988072E-03  2.49900878E-03
  3.85999703E+00  4.67138886E-02  5.62867597E-02  3.16819933E-04  2.18218728E-03  2.49900715E-03
  3.87999701E+00  4.77451645E-02  4.68407497E-02  2.19405585E-04  2.27960083E-03  2.49900646E-03
  3.89999700E+00  4.85856459E-02  3.72075848E-02  1.38440446E-04  2.36056489E-03  2.49900529E-03
  3.91999698E+00  4.92319800E-02  2.74257567E-02  7.52172127E-05  2.42378796E-03  2.49900506E-03
  3.93999696E+00  4.96815816E-02  1.75343566E-02  3.07453665E-05  2.46825954E-03  2.49900483E-03
  3.95999694E+00  4.99326549E-02  7.57290889E-03  5.73489478E-06  2.49326997E-03  2.49900483E-03
  3.97999692E+00  4.99841981E-02 -2.41878163E-03  5.85050486E-07  2.49841996E-03  2.49900506E-03
  3.99999690E+00  4.98360023E-02 -1.24007864E-02  1.53779511E-05  2.48362706E-03  2.49900506E-03
  4.01999712E+00  4.94886637E-02 -2.23332178E-02  4.98772606E-05  2.44912785E-03  2.49900506E-03
  4.03999710E+00  4.89435643E-02 -3.21763866E-02  1.03531987E-04  2.39547249E-03  2.49900436E-03
  4.05999708E+00  4.82028909E-02 -4.18909565E-02  1.75485227E-04  2.32351874E-03  2.49900389E-03
  4.07999706E+00  4.72696014E-02 -5.14381118E-02  2.64587929E-04  2.23441515E-03  2.49900296E-03
  4.09999704E+00  4.61474247E-02 -6.07797019E-02  3.69417219E-04  2.12958478E-03  2.49900203E-03
  4.11999702E+00  4.48408425E-02 -6.98783994E-02  4.88299120E-04  2.01070122E-03  2.49900040E-03
  4.13999701E+00  4.33550775E-02 -7.86978453E-02  6.19335100E-04  1.87966274E-03  2.49899784E-03
  4.15999699E+00  4.16960716E-02 -8.72027948E-02  7.60432740E-04  1.73856237E-03  2.49899505E-03
  4.17999697E+00  3.98704521E-02 -9.53592658E-02  9.09338996E-04  1.58965297E-03  2.49899202E-03
  4.19999695E+00  3.78855132E-02 -1.03134662E-01  1.06367585E-03  1.43531209E-03  2.49898806E-03
  4.21999693E+00  3.57491858E-02 -1.10497922E-01  1.22097915E-03  1.27800426E-03  2.49898341E-03
  4.23999691E+00  3.34700122E-02 -1.17419615E-01  1.37873669E-03  1.12024171E-03  2.49897828E-03
  4.25999689E+00  3.10570952E-02 -1.23872086E-01  1.53442938E-03  9.64543142E-04  2.49897246E-03
  4.27999687E+00  2.85200793E-02 -1.29829556E-01  1.68557127E-03  8.13394901E-04  2.49896618E-03
  4.29999685E+00  2.58691013E-02 -1.35268211E-01  1.82974897E-03  6.69210393E-04  2.49895942E-03
  4.31999683E+00  2.31147557E-02 -1.40166327E-01  1.96466013E-03  5.34291961E-04  2.49895221E-03
  4.33999681E+00  2.02680510E-02 -1.44504324E-01  2.08815001E-03  4.10793902E-04  2.49894382E-03
  4.35999680E+00  1.73403602E-02 -1.48264870E-01  2.19824724E-03  3.00688087E-04  2.49893544E-03
  4.37999678E+00  1.43433819E-02 -1.51432946E-01  2.29319371E-03  2.05732606E-04  2.49892636E-03
  4.39999676E+00  1.12890936E-02 -1.53995886E-01  2.37147324E-03  1.27443636E-04  2.49891682E-03
  4.41999674E+00  8.18970054E-03 -1.55943453E-01  2.43183598E-03  6.70711961E-05  2.49890727E-03
  4.43999672E+00  5.05758729E-03 -1.57267869E-01  2.47331825E-03  2.55791892E-05  2.49889749E-03
  4.45999670E+00  1.90527027E-03 -1.57963842E-01  2.49525765E-03  3.63005483E-06  2.49888771E-03
  4.47999668E+00 -1.25465391E-03 -1.58028588E-01  2.49730353E-03  1.57415639E-06  2.49887770E-03
  4.49999666E+00 -4.40955814E-03 -1.57461852E-01  2.47942354E-03  1.94442036E-05  2.49886769E-03
  4.51999664E+00 -7.54683558E-03 -1.56265900E-01  2.44190334E-03  5.69547265E-05  2.49885814E-03
  4.53999662E+00 -1.06539503E-02 -1.54445514E-01  2.38534180E-03  1.13506656E-04  2.49884836E-03
  4.55999660E+00 -1.37184849E-02 -1.52007967E-01  2.31064227E-03  1.88196835E-04  2.49883905E-03
  4.57999659E+00 -1.67281944E-02 -1.48963004E-01  2.21899780E-03  2.79832486E-04  2.49883020E-03
  4.59999657E+00 -1.96710527E-02 -1.45322785E-01  2.11187126E-03  3.86950327E-04  2.49882159E-03
  4.61999655E+00 -2.25352999E-02 -1.41101867E-01  1.99097372E-03  5.07839723E-04  2.49881344E-03
  4.63999653E+00 -2.53094900E-02 -1.36317104E-01  1.85823534E-03  6.40570302E-04  2.49880552E-03
  4.65999651E+00 -2.79825386E-02 -1.30987629E-01  1.71577593E-03  7.83022493E-04  2.49879854E-03
  4.67999649E+00 -3.05437632E-02 -1.25134736E-01  1.56587025E-03  9.32921481E-04  2.49879179E-03
  4.69999647E+00 -3.29829305E-02 -1.18781820E-01  1.41091214E-03  1.08787371E-03  2.49878597E-03
  4.71999645E+00 -3.52902897E-02 -1.11954264E-01  1.25337567E-03  1.24540459E-03  2.49878038E-03
  4.73999643E+00 -3.74566279E-02 -1.04679354E-01  1.09577680E-03  1.40299893E-03  2.49877572E-03
  4.75999641E+00 -3.94732840E-02 -9.69861597E-02  9.40631551E-04  1.55814015E-03  2.49877176E-03
  4.77999640E+00 -4.13321964E-02 -8.89054239E-02  7.90417485E-04  1.70835049E-03  2.49876804E-03
  4.79999638E+00 -4.30259444E-02 -8.04694444E-02  6.47533161E-04  1.85123191E-03  2.49876501E-03
  4.81999636E+00 -4.45477590E-02 -7.17119202E-02  5.14259969E-04  1.98450289E-03  2.49876291E-03
  4.83999634E+00 -4.58915569E-02 -6.26678541E-02  3.92726011E-04  2.10603490E-03  2.49876082E-03
  4.85999632E+00 -4.70519662E-02 -5.33733852E-02  2.84871843E-04  2.21388764E-03  2.49875942E-03
  4.87999630E+00 -4.80243564E-02 -4.38656583E-02  1.92419611E-04  2.30633887E-03  2.49875849E-03
  4.89999628E+00 -4.88048382E-02 -3.41826603E-02  1.16845433E-04  2.38191220E-03  2.49875756E-03
  4.91999626E+00 -4.93902974E-02 -2.43630894E-02  5.93560108E-05  2.43940158E-03  2.49875756E-03
  4.93999624E+00 -4.97783907E-02 -1.44461822E-02  2.08692181E-05  2.47788825E-03  2.49875756E-03
  4.95999622E+00 -4.99675684E-02 -4.47156839E-03  1.99949250E-06  2.49675778E-03  2.49875733E-03
  4.97999620E+00 -4.99570780E-02  5.52089512E-03  3.04802847E-06  2.49570957E-03  2.49875756E-03
  4.99999619E+00 -4.97469567E-02  1.54912770E-02  2.39979672E-05  2.47475971E-03  2.49875756E-03
  5.01999617E+00 -4.93380465E-02  2.53997371E-02  6.45146647E-05  2.43424275E-03  2.49875733E-03
  5.03999615E+00 -4.87319827E-02  3.52066793E-02  1.23951031E-04  2.37480621E-03  2.49875733E-03
  5.05999613E+00 -4.79311869E-02  4.48729172E-02  2.01357878E-04  2.29739863E-03  2.49875663E-03
  5.07999611E+00 -4.69388589E-02  5.43598235E-02  2.95499049E-04  2.20325659E-03  2.49875570E-03
  5.09999609E+00 -4.57589664E-02  6.36294857E-02  4.04871156E-04  2.09388300E-03  2.49875407E-03
  5.11999607E+00 -4.43962254E-02  7.26448670E-02  5.27727650E-04  1.97102479E-03  2.49875244E-03
  5.13999605E+00 -4.28560786E-02  8.13699439E-02  6.62106788E-04  1.83664344E-03  2.49875011E-03
  5.15999603E+00 -4.11446802E-02  8.97698477E-02  8.05862539E-04  1.69288472E-03  2.49874732E-03
  5.17999601E+00 -3.92688736E-02  9.78110135E-02  9.56699427E-04  1.54204445E-03  2.49874382E-03
  5.19999599E+00 -3.72361504E-02  1.05461314E-01  1.11220893E-03  1.38653093E-03  2.49873986E-03
  5.21999598E+00 -3.50546353E-02  1.12690173E-01  1.26990757E-03  1.22882740E-03  2.49873498E-03
  5.23999596E+00 -3.27330455E-02  1.19468711E-01  1.42727734E-03  1.07145228E-03  2.49872962E-03
  5.25999594E+00 -3.02806590E-02  1.25769839E-01  1.58180518E-03  9.16918332E-04  2.49872357E-03
  5.27999592E+00 -2.77072769E-02  1.31568372E-01  1.73102354E-03  7.67693215E-04  2.49871681E-03
  5.29999590E+00 -2.50231810E-02  1.36841148E-01  1.87255000E-03  6.26159599E-04  2.49870960E-03
  5.31999588E+00 -2.22390983E-02  1.41567096E-01  2.00412422E-03  4.94577514E-04  2.49870168E-03
  5.33999586E+00 -1.93661544E-02  1.45727336E-01  2.12364574E-03  3.75047937E-04  2.49869376E-03
  5.35999584E+00 -1.64158288E-02  1.49305239E-01  2.22920557E-03  2.69479438E-04  2.49868492E-03
  5.37999582E+00 -1.33999111E-02  1.52286515E-01  2.31911824E-03  1.79557625E-04  2.49867584E-03
  5.39999580E+00 -1.03304535E-02  1.54659241E-01  2.39194813E-03  1.06718267E-04  2.49866629E-03
  5.41999578E+00 -7.21972156E-03  1.56413943E-01  2.44653202E-03  5.21243783E-05  2.49865651E-03
  5.43999577E+00 -4.08014562E-03  1.57543615E-01  2.48199911E-03  1.66475875E-05  2.49864673E-03
  5.45999575E+00 -9.24272172E-04  1.58043742E-01  2.49778247E-03  8.54279051E-07  2.49863672E-03
  5.47999573E+00  2.23528850E-03  1.57912329E-01  2.49363040E-03  4.99651469E-06  2.49862694E-03
  5.49999571E+00  5.38591063E-03  1.57149896E-01  2.46960903E-03  2.90080334E-05  2.49861716E-03
  5.51999569E+00  8.51500500E-03  1.55759498E-01  2.42610229E-03  7.25053105E-05  2.49860762E-03
  5.53999567E+00  1.16100674E-02  1.53746679E-01  2.36380426E-03  1.34793663E-04  2.49859784E-03
  5.55999565E+00  1.46587295E-02  1.51119500E-01  2.28371052E-03  2.14878353E-04  2.49858899E-03
  5.57999563E+00  1.76488087E-02  1.47888452E-01  2.18709954E-03  3.11480457E-04  2.49857991E-03
  5.59999561E+00  2.05683578E-02  1.44066438E-01  2.07551382E-03  4.23057354E-04  2.49857130E-03
  5.61999559E+00  2.34057102E-02  1.39668748E-01  1.95073604E-03  5.47827280E-04  2.49856338E-03
  5.63999557E+00  2.61495281E-02  1.34712949E-01  1.81475782E-03  6.83797814E-04  2.49855570E-03
  5.65999556E+00  2.87888460E-02  1.29218847E-01  1.66975113E-03  8.28797638E-04  2.49854871E-03
  5.67999554E+00  3.13131176E-02  1.23208396E-01  1.51803100E-03  9.80511308E-04  2.49854242E-03
  5.69999552E+00  3.37122567E-02  1.16705619E-01  1.36202015E-03  1.13651622E-03  2.49853637E-03
  5.71999550E+00  3.59766781E-02  1.09736502E-01  1.20420998E-03  1.29432138E-03  2.49853125E-03
  5.73999548E+00  3.80973294E-02  1.02328889E-01  1.04712020E-03  1.45140651E-03  2.49852659E-03
  5.75999546E+00  4.00657430E-02  9.45123881E-02  8.93259130E-04  1.60526379E-03  2.49852287E-03
  5.77999544E+00  4.18740511E-02  8.63182247E-02  7.45083613E-04  1.75343617E-03  2.49851984E-03
  5.79999542E+00  4.35150228E-02  7.77791515E-02  6.04959612E-04  1.89355726E-03  2.49851681E-03
  5.81999540E+00  4.49821092E-02  6.89292923E-02  4.75124747E-04  2.02339026E-03  2.49851495E-03
  5.83999538E+00  4.62694429E-02  5.98040074E-02  3.57651938E-04  2.14086124E-03  2.49851309E-03
  5.85999537E+00  4.73718792E-02  5.04397638E-02  2.54416984E-04  2.24409485E-03  2.49851192E-03
  5.87999535E+00  4.82850149E-02  4.08739820E-02  1.67068254E-04  2.33144267E-03  2.49851099E-03
  5.89999533E+00  4.90052067E-02  3.11448872E-02  9.70004039E-05  2.40151025E-03  2.49851076E-03
  5.91999531E+00  4.95295711E-02  2.12913565E-02  4.53321882E-05  2.45317840E-03  2.49851053E-03
  5.93999529E+00  4.98560108E-02  1.13527663E-02  1.28885313E-05  2.48562172E-03  2.49851029E-03
  5.95999527E+00  4.99832295E-02  1.36882998E-03  1.87369551E-07  2.49832333E-03  2.49851076E-03
  5.97999525E+00  4.99107130E-02 -8.62055644E-03  7.43139890E-06  2.49107927E-03  2.49851076E-03
  5.99999523E+00  4.96387519E-02 -1.85754746E-02  3.45048284E-05  2.46400572E-03  2.49851053E-03
  6.01999521E+00  4.91684377E-02 -2.84561459E-02  8.09752310E-05  2.41753529E-03  2.49851053E-03
  6.03999519E+00  4.85016443E-02 -3.82230878E-02  1.46100458E-04  2.35240953E-03  2.49851006E-03
  6.05999517E+00  4.76410389E-02 -4.78372686E-02  2.28840421E-04  2.26966850E-03  2.49850890E-03
  6.07999516E+00  4.65900637E-02 -5.72602749E-02  3.27873917E-04  2.17063399E-03  2.49850797E-03
  6.09999514E+00  4.53529172E-02 -6.64544478E-02  4.41619399E-04  2.05688714E-03  2.49850657E-03
  6.11999512E+00  4.39345390E-02 -7.53830522E-02  5.68260439E-04  1.93024368E-03  2.49850424E-03
  6.13999510E+00  4.23406027E-02 -8.40104073E-02  7.05774873E-04  1.79272669E-03  2.49850145E-03
  6.15999508E+00  4.05774787E-02 -9.23020393E-02  8.51966615E-04  1.64653175E-03  2.49849842E-03
  6.17999506E+00  3.86522077E-02 -1.00224815E-01  1.00450136E-03  1.49399322E-03  2.49849446E-03
  6.19999504E+00  3.65724899E-02 -1.07747078E-01  1.16094330E-03  1.33754697E-03  2.49849027E-03
  6.21999502E+00  3.43466289E-02 -1.14838764E-01  1.31879421E-03  1.17969094E-03  2.49848515E-03
  6.23999500E+00  3.19835246E-02 -1.21471539E-01  1.47553347E-03  1.02294586E-03  2.49847933E-03
  6.25999498E+00  2.94926204E-02 -1.27618909E-01  1.62865862E-03  8.69814656E-04  2.49847327E-03
  6.27999496E+00  2.68838685E-02 -1.33256301E-01  1.77572423E-03  7.22742407E-04  2.49846652E-03
  6.29999495E+00  2.41676923E-02 -1.38361186E-01  1.91438186E-03  5.84077323E-04  2.49845907E-03
  6.31999493E+00  2.13549491E-02 -1.42913163E-01  2.04241718E-03  4.56033857E-04  2.49845115E-03
  6.33999491E+00  1.84568781E-02 -1.46894053E-01  2.15778640E-03  3.40656348E-04  2.49844277E-03
  6.35999489E+00  1.54850576E-02 -1.50287956E-01  2.25864700E-03  2.39787012E-04  2.49843393E-03
  6.37999487E+00  1.24513656E-02 -1.53081298E-01  2.34338851E-03  1.55036512E-04  2.49842508E-03
  6.39999485E+00  9.36792325E-03 -1.55262917E-01  2.41065747E-03  8.77579878E-05  2.49841553E-03
  6.41999483E+00  6.24705292E-03 -1.56824097E-01  2.45937961E-03  3.90256719E-05  2.49840529E-03
  6.43999481E+00  3.10122594E-03 -1.57758608E-01  2.48877774E-03  9.61760270E-06  2.49839528E-03
  6.45999479E+00 -5.69872391E-05 -1.58062711E-01  2.49838224E-03  3.24754534E-09  2.49838550E-03
  6.47999477E+00 -3.21496604E-03 -1.57735199E-01  2.48803920E-03  1.03360062E-05  2.49837525E-03
  6.49999475E+00 -6.36009173E-03 -1.56777382E-01  2.45791464E-03  4.04507664E-05  2.49836547E-03
  6.51999474E+00 -9.47979651E-03 -1.55193076E-01  2.40848912E-03  8.98665385E-05  2.49835569E-03
  6.53999472E+00 -1.25616137E-02 -1.52988628E-01  2.34055216E-03  1.57794144E-04  2.49834638E-03
  6.55999470E+00 -1.55932289E-02 -1.50172845E-01  2.25518830E-03  2.43148781E-04  2.49833707E-03
  6.57999468E+00 -1.85625274E-02 -1.46756977E-01  2.15376099E-03  3.44567408E-04  2.49832845E-03
  6.59999466E+00 -2.14576442E-02 -1.42754674E-01  2.03788979E-03  4.60430485E-04  2.49832030E-03
  6.61999464E+00 -2.42670104E-02 -1.38181925E-01  1.90942443E-03  5.88887779E-04  2.49831215E-03
  6.63999462E+00 -2.69793998E-02 -1.33057013E-01  1.77041686E-03  7.27888022E-04  2.49830494E-03
  6.65999460E+00 -2.95839738E-02 -1.27400413E-01  1.62308651E-03  8.75211495E-04  2.49829795E-03
  6.67999458E+00 -3.20703238E-02 -1.21234737E-01  1.46978616E-03  1.02850562E-03  2.49829190E-03
  6.69999456E+00 -3.44285183E-02 -1.14584617E-01  1.31296355E-03  1.18532288E-03  2.49828631E-03
  6.71999454E+00 -3.66491303E-02 -1.07476629E-01  1.15512253E-03  1.34315877E-03  2.49828119E-03
  6.73999453E+00 -3.87232900E-02 -9.99391824E-02  9.98784089E-04  1.49949314E-03  2.49827723E-03
  6.75999451E+00 -4.06427048E-02 -9.20023918E-02  8.46443989E-04  1.65182946E-03  2.49827350E-03
  6.77999449E+00 -4.23997082E-02 -8.36979747E-02  7.00535136E-04  1.79773523E-03  2.49827048E-03
  6.79999447E+00 -4.39872779E-02 -7.50591159E-02  5.63387119E-04  1.93488062E-03  2.49826768E-03
  6.81999445E+00 -4.53990735E-02 -6.61203414E-02  4.37189970E-04  2.06107576E-03  2.49826582E-03
  6.83999443E+00 -4.66294512E-02 -5.69173656E-02  3.23958666E-04  2.17430573E-03  2.49826442E-03
  6.85999441E+00 -4.76734936E-02 -4.74869683E-02  2.25501208E-04  2.27276189E-03  2.49826303E-03
  6.87999439E+00 -4.85270321E-02 -3.78668308E-02  1.43389683E-04  2.35487288E-03  2.49826256E-03
  6.89999437E+00 -4.91866544E-02 -2.80953962E-02  7.89351325E-05  2.41932692E-03  2.49826210E-03
  6.91999435E+00 -4.96497266E-02 -1.82117112E-02  3.31666452E-05  2.46509537E-03  2.49826210E-03
  6.93999434E+00 -4.99143936E-02 -8.25527310E-03  6.81495385E-06  2.49144668E-03  2.49826163E-03
  6.95999432E+00 -4.99796048E-02  1.73413288E-03  3.00721695E-07  2.49796081E-03  2.49826163E-03
  6.97999430E+00 -4.98450994E-02  1.17165893E-02  1.37278466E-05  2.48453394E-03  2.49826186E-03
  6.99999428E+00 -4.95114103E-02  2.16522068E-02  4.68818071E-05  2.45137978E-03  2.49826163E-03
  7.01999426E+00 -4.89798784E-02  3.15012820E-02  9.92330752E-05  2.39902851E-03  2.49826163E-03
  7.03999424E+00 -4.82526235E-02  4.12244573E-02  1.69945590E-04  2.32831575E-03  2.49826140E-03
  7.05999422E+00 -4.73325513E-02  5.07828817E-02  2.57890119E-04  2.24037049E-03  2.49826070E-03
  7.07999420E+00 -4.62233387E-02  6.01383597E-02  3.61662242E-04  2.13659694E-03  2.49825930E-03
  7.09999418E+00 -4.49294224E-02  6.92535043E-02  4.79604787E-04  2.01865309E-03  2.49825791E-03
  7.11999416E+00 -4.34559695E-02  7.80918971E-02  6.09834446E-04  1.88842125E-03  2.49825558E-03
  7.13999414E+00 -4.18088660E-02  8.66182148E-02  7.50271545E-04  1.74798130E-03  2.49825278E-03
  7.15999413E+00 -3.99947017E-02  9.47983861E-02  8.98673374E-04  1.59957621E-03  2.49824952E-03
  7.17999411E+00 -3.80207188E-02  1.02599733E-01  1.05267053E-03  1.44557504E-03  2.49824557E-03
  7.19999409E+00 -3.58948112E-02  1.09991074E-01  1.20980374E-03  1.28843752E-03  2.49824114E-03
  7.21999407E+00 -3.36254723E-02  1.16942875E-01  1.36756361E-03  1.13067240E-03  2.49823602E-03
  7.23999405E+00 -3.12217716E-02  1.23427361E-01  1.52343139E-03  9.74799041E-04  2.49823043E-03
  7.25999403E+00 -2.86933128E-02  1.29418612E-01  1.67491776E-03  8.23306211E-04  2.49822391E-03
  7.27999401E+00 -2.60501988E-02  1.34892702E-01  1.81960408E-03  6.78612851E-04  2.49821693E-03
  7.29999399E+00 -2.33029947E-02  1.39827743E-01  1.95517973E-03  5.43029571E-04  2.49820924E-03
  7.31999397E+00 -2.04626769E-02  1.44204021E-01  2.07948009E-03  4.18721145E-04  2.49820133E-03
  7.33999395E+00 -1.75405964E-02  1.48004055E-01  2.19052006E-03  3.07672512E-04  2.49819248E-03
  7.35999393E+00 -1.45484293E-02  1.51212662E-01  2.28652707E-03  2.11656792E-04  2.49818387E-03
  7.37999392E+00 -1.14981327E-02  1.53817013E-01  2.36596726E-03  1.32207060E-04  2.49817432E-03
  7.39999390E+00 -8.40189587E-03  1.55806705E-01  2.42757308E-03  7.05918574E-05  2.49816501E-03
  7.41999388E+00 -5.27209090E-03  1.57173797E-01  2.47036037E-03  2.77949421E-05  2.49815523E-03
  7.43999386E+00 -2.12122477E-03  1.57912821E-01  2.49364576E-03  4.49959452E-06  2.49814545E-03
  7.45999384E+00  1.03811163E-03  1.58020809E-01  2.49705766E-03  1.07767573E-06  2.49813544E-03
  7.47999382E+00  4.19329340E-03  1.57497346E-01  2.48054136E-03  1.75837104E-05  2.49812496E-03
  7.49999380E+00  7.33171171E-03  1.56344533E-01  2.44436134E-03  5.37539963E-05  2.49811541E-03
  7.51999378E+00  1.04408273E-02  1.54566973E-01  2.38909503E-03  1.09010878E-04  2.49810587E-03
  7.53999376E+00  1.35082155E-02  1.52171761E-01  2.31562438E-03  1.82471893E-04  2.49809632E-03
  7.55999374E+00  1.65216178E-02  1.49168476E-01  2.22512335E-03  2.72963865E-04  2.49808724E-03
  7.57999372E+00  1.94689929E-02  1.45569116E-01  2.11903686E-03  3.79041681E-04  2.49807863E-03
  7.59999371E+00  2.23385636E-02  1.41388074E-01  1.99905876E-03  4.99011425E-04  2.49807024E-03
  7.61999369E+00  2.51188651E-02  1.36642054E-01  1.86710514E-03  6.30957366E-04  2.49806256E-03
  7.63999367E+00  2.77987868E-02  1.31350026E-01  1.72528287E-03  7.72772531E-04  2.49805534E-03
  7.65999365E+00  3.03676184E-02  1.25533134E-01  1.57585682E-03  9.22192237E-04  2.49804906E-03
  7.67999363E+00  3.28150950E-02  1.19214617E-01  1.42121257E-03  1.07683043E-03  2.49804300E-03
  7.69999361E+00  3.51314396E-02  1.12419732E-01  1.26381963E-03  1.23421801E-03  2.49803765E-03
  7.71999359E+00  3.73073928E-02  1.05175629E-01  1.10619131E-03  1.39184156E-03  2.49803299E-03
  7.73999357E+00  3.93342599E-02  9.75112617E-02  9.50844609E-04  1.54718396E-03  2.49802857E-03
  7.75999355E+00  4.12039459E-02  8.94572511E-02  8.00259993E-04  1.69776520E-03  2.49802507E-03
  7.77999353E+00  4.29089777E-02  8.10457915E-02  6.56842021E-04  1.84118038E-03  2.49802228E-03
  7.79999352E+00  4.44425382E-02  7.23104849E-02  5.22880640E-04  1.97513914E-03  2.49801972E-03
  7.81999350E+00  4.57985066E-02  6.32862449E-02  4.00514895E-04  2.09750328E-03  2.49801809E-03
  7.83999348E+00  4.69714589E-02  5.40091321E-02  2.91698641E-04  2.20631785E-03  2.49801646E-03
  7.85999346E+00  4.79567125E-02  4.45162170E-02  1.98169364E-04  2.29984638E-03  2.49801576E-03
  7.87999344E+00  4.87503298E-02  3.48454341E-02  1.21420424E-04  2.37659458E-03  2.49801506E-03
  7.89999342E+00  4.93491367E-02  2.50354279E-02  6.26772671E-05  2.43533729E-03  2.49801460E-03
  7.91999340E+00  4.97507453E-02  1.51254004E-02  2.28777735E-05  2.47513666E-03  2.49801436E-03
  7.93999338E+00  4.99535501E-02  5.15495054E-03  2.65735139E-06  2.49535707E-03  2.49801436E-03
  7.95999336E+00  4.99567389E-02 -4.83607780E-03  2.33876494E-06  2.49567581E-03  2.49801460E-03
  7.97999334E+00  4.97603007E-02 -1.48077616E-02  2.19269805E-05  2.47608754E-03  2.49801460E-03
  7.99999332E+00  4.93650176E-02 -2.47202534E-02  6.11090945E-05  2.43690494E-03  2.49801413E-03
  8.01999378E+00  4.87724766E-02 -3.45339440E-02  1.19259326E-04  2.37875455E-03  2.49801390E-03
  8.03999424E+00  4.79850397E-02 -4.42096144E-02  1.95449014E-04  2.30256398E-03  2.49801297E-03
  8.05999470E+00  4.70058545E-02 -5.37086055E-02  2.88461422E-04  2.20955047E-03  2.49801180E-03
  8.07999516E+00  4.58388403E-02 -6.29929602E-02  3.96811316E-04  2.10119924E-03  2.49801064E-03
  8.09999561E+00  4.44886535E-02 -7.20255747E-02  5.18768327E-04  1.97924022E-03  2.49800854E-03
  8.11999607E+00  4.29606959E-02 -8.07703584E-02  6.52385119E-04  1.84562139E-03  2.49800645E-03
  8.13999653E+00  4.12610658E-02 -8.91923606E-02  7.95527769E-04  1.70247559E-03  2.49800342E-03
  8.15999699E+00  3.93965617E-02 -9.72579345E-02  9.45910637E-04  1.55208912E-03  2.49799970E-03
  8.17999744E+00  3.73746306E-02 -1.04934849E-01  1.10113237E-03  1.39686302E-03  2.49799527E-03
  8.19999790E+00  3.52033563E-02 -1.12192430E-01  1.25871412E-03  1.23927626E-03  2.49799038E-03
  8.21999836E+00  3.28914151E-02 -1.19001672E-01  1.41613977E-03  1.08184514E-03  2.49798503E-03
  8.23999882E+00  3.04480437E-02 -1.25335366E-01  1.57089531E-03  9.27083369E-04  2.49797874E-03
  8.25999928E+00  2.78830081E-02 -1.31168216E-01  1.72051007E-03  7.77462148E-04  2.49797222E-03
  8.27999973E+00  2.52065565E-02 -1.36476904E-01  1.86259451E-03  6.35370496E-04  2.49796500E-03
  8.30000019E+00  2.24293843E-02 -1.41240224E-01  1.99488015E-03  5.03077288E-04  2.49795755E-03
  8.32000065E+00  1.95625909E-02 -1.45439133E-01  2.11525406E-03  3.82694969E-04  2.49794894E-03
  8.34000111E+00  1.66176297E-02 -1.49056867E-01  2.22179503E-03  2.76145613E-04  2.49794056E-03
  8.36000156E+00  1.36062717E-02 -1.52078956E-01  2.31280085E-03  1.85130630E-04  2.49793148E-03
  8.38000202E+00  1.05405487E-02 -1.54493332E-01  2.38681911E-03  1.11103167E-04  2.49792216E-03
  8.40000248E+00  7.43271178E-03 -1.56290352E-01  2.44266749E-03  5.52452038E-05  2.49791262E-03
  8.42000294E+00  4.29518009E-03 -1.57462820E-01  2.47945404E-03  1.84485725E-05  2.49790261E-03
  8.44000340E+00  1.14049122E-03 -1.58006072E-01  2.49659200E-03  1.30072021E-06  2.49789283E-03
  8.46000385E+00 -2.01874878E-03 -1.57917932E-01  2.49380735E-03  4.07534662E-06  2.49788258E-03
  8.48000431E+00 -5.16991597E-03 -1.57198757E-01  2.47114501E-03  2.67280302E-05  2.49787304E-03
  8.50000477E+00 -8.30041710E-03 -1.55851409E-01  2.42896634E-03  6.88969230E-05  2.49786326E-03
  8.52000523E+00 -1.13977436E-02 -1.53881282E-01  2.36794492E-03  1.29908556E-04  2.49785348E-03
  8.54000568E+00 -1.44495182E-02 -1.51296243E-01  2.28905538E-03  2.08788580E-04  2.49784393E-03
  8.56000614E+00 -1.74435470E-02 -1.48106635E-01  2.19355756E-03  3.04277346E-04  2.49783485E-03
  8.58000660E+00 -2.03678664E-02 -1.44325197E-01  2.08297628E-03  4.14849987E-04  2.49782624E-03
  8.60000706E+00 -2.32107881E-02 -1.39967054E-01  1.95907778E-03  5.38740715E-04  2.49781855E-03
  8.62000751E+00 -2.59609558E-02 -1.35049611E-01  1.82383973E-03  6.73971197E-04  2.49781087E-03
  8.64000797E+00 -2.86073759E-02 -1.29592508E-01  1.67942175E-03  8.18381959E-04  2.49780365E-03
  8.66000843E+00 -3.11394762E-02 -1.23617567E-01  1.52813026E-03  9.69666988E-04  2.49779737E-03
  8.68000889E+00 -3.35471369E-02 -1.17148668E-01  1.37238100E-03  1.12541043E-03  2.49779131E-03
  8.70000935E+00 -3.58207412E-02 -1.10211655E-01  1.21466094E-03  1.28312549E-03  2.49778642E-03
  8.72000980E+00 -3.79511975E-02 -1.02834247E-01  1.05748826E-03  1.44029339E-03  2.49778153E-03
  8.74001026E+00 -3.99299972E-02 -9.50459316E-02  9.03372944E-04  1.59440469E-03  2.49777758E-03
  8.76001072E+00 -4.17492352E-02 -8.68778229E-02  7.54775654E-04  1.74299860E-03  2.49777432E-03
  8.78001118E+00 -4.34016399E-02 -7.83625692E-02  6.14069228E-04  1.88370235E-03  2.49777152E-03
  8.80001163E+00 -4.48806100E-02 -6.95341974E-02  4.83500451E-04  2.01426912E-03  2.49776966E-03
  8.82001209E+00 -4.61802334E-02 -6.04279824E-02  3.65154090E-04  2.13261391E-03  2.49776803E-03
  8.84001255E+00 -4.72953171E-02 -5.10803163E-02  2.60919885E-04  2.23684707E-03  2.49776687E-03
  8.86001301E+00 -4.82214056E-02 -4.15285528E-02  1.72462067E-04  2.32530385E-03  2.49776593E-03
  8.88001347E+00 -4.89547998E-02 -3.18108574E-02  1.01193065E-04  2.39657238E-03  2.49776547E-03
  8.90001392E+00 -4.94925678E-02 -2.19660662E-02  4.82508076E-05  2.44951434E-03  2.49776524E-03
  8.92001438E+00 -4.98325638E-02 -1.20335193E-02  1.44805590E-05  2.48328433E-03  2.49776500E-03
  8.94001484E+00 -4.99734245E-02 -2.05290690E-03  4.21442650E-07  2.49734311E-03  2.49776454E-03
  8.96001530E+00 -4.99145947E-02  7.93588907E-03  6.29783335E-06  2.49146670E-03  2.49776454E-03
  8.98001575E+00 -4.96563092E-02  1.78929530E-02  3.20157778E-05  2.46574893E-03  2.49776477E-03
  9.00001621E+00 -4.91995960E-02  2.77784988E-02  7.71644991E-05  2.42060027E-03  2.49776477E-03
  9.02001667E+00 -4.85462807E-02  3.75530198E-02  1.41022931E-04  2.35674134E-03  2.49776430E-03
  9.04001713E+00 -4.76989783E-02  4.71774600E-02  2.22571267E-04  2.27519264E-03  2.49776384E-03
  9.06001759E+00 -4.66610715E-02  5.66133596E-02  3.20507272E-04  2.17725569E-03  2.49776291E-03
  9.08001804E+00 -4.54367064E-02  6.58230186E-02  4.33266949E-04  2.06449418E-03  2.49776104E-03
  9.10001850E+00 -4.40307781E-02  7.47696236E-02  5.59049658E-04  1.93870941E-03  2.49775918E-03
  9.12001896E+00 -4.24489081E-02  8.34174305E-02  6.95846800E-04  1.80190976E-03  2.49775662E-03
  9.14001942E+00 -4.06974144E-02  9.17318910E-02  8.41473986E-04  1.65627955E-03  2.49775359E-03
  9.16001987E+00 -3.87832969E-02  9.96797681E-02  9.93605587E-04  1.50414417E-03  2.49774987E-03
  9.18002033E+00 -3.67142037E-02  1.07229315E-01  1.14981260E-03  1.34793273E-03  2.49774521E-03
  9.20002079E+00 -3.44984084E-02  1.14350356E-01  1.30760041E-03  1.19014014E-03  2.49774056E-03
  9.22002125E+00 -3.21447589E-02  1.21014439E-01  1.46444945E-03  1.03328552E-03  2.49773497E-03
  9.24002171E+00 -2.96626650E-02  1.27194926E-01  1.61785481E-03  8.79873696E-04  2.49772845E-03
  9.26002216E+00 -2.70620454E-02  1.32867143E-01  1.76536781E-03  7.32354296E-04  2.49772216E-03
  9.28002262E+00 -2.43532900E-02  1.38008401E-01  1.90463185E-03  5.93082746E-04  2.49771448E-03
  9.30002308E+00 -2.15472244E-02  1.42598167E-01  2.03342363E-03  4.64282872E-04  2.49770656E-03
  9.32002354E+00 -1.86550617E-02  1.46618113E-01  2.14968715E-03  3.48011323E-04  2.49769841E-03
  9.34002399E+00 -1.56883597E-02  1.50052160E-01  2.25156522E-03  2.46124633E-04  2.49768980E-03
  9.36002445E+00 -1.26589723E-02  1.52886584E-01  2.33743084E-03  1.60249576E-04  2.49768049E-03
  9.38002491E+00 -9.57900565E-03  1.55110076E-01  2.40591355E-03  9.17573489E-05  2.49767094E-03
  9.40002537E+00 -6.46076770E-03  1.56713739E-01  2.45591975E-03  4.17415176E-05  2.49766116E-03
  9.42002583E+00 -3.31671885E-03  1.57691166E-01  2.48665060E-03  1.10006240E-05  2.49765115E-03
  9.44002628E+00 -1.59422561E-04  1.58038467E-01  2.49761576E-03  2.54155523E-08  2.49764114E-03
  9.46002674E+00  2.99850455E-03  1.57754242E-01  2.48864014E-03  8.99102997E-06  2.49763113E-03
  9.48002720E+00  6.14444306E-03  1.56839639E-01  2.45986739E-03  3.77541801E-05  2.49762158E-03
  9.50002766E+00  9.26582236E-03  1.55298293E-01  2.41175597E-03  8.58554631E-05  2.49761133E-03
  9.52002811E+00  1.23501690E-02  1.53136387E-01  2.34507537E-03  1.52526671E-04  2.49760202E-03
  9.54002857E+00  1.53851584E-02  1.50362551E-01  2.26088963E-03  2.36703097E-04  2.49759271E-03
  9.56002903E+00  1.83586627E-02  1.46987870E-01  2.16054334E-03  3.37040488E-04  2.49758386E-03
  9.58002949E+00  2.12587994E-02  1.43025830E-01  2.04563886E-03  4.51936561E-04  2.49757548E-03
  9.60002995E+00  2.40739807E-02  1.38492271E-01  1.91801100E-03  5.79556567E-04  2.49756756E-03
  9.62003040E+00  2.67929565E-02  1.33405298E-01  1.77969725E-03  7.17862509E-04  2.49755988E-03
  9.64003086E+00  2.94048637E-02  1.27785251E-01  1.63290708E-03  8.64645990E-04  2.49755313E-03
  9.66003132E+00  3.18992622E-02  1.21654585E-01  1.47998380E-03  1.01756293E-03  2.49754684E-03
  9.68003178E+00  3.42661850E-02  1.15037806E-01  1.32336968E-03  1.17417146E-03  2.49754125E-03
  9.70003223E+00  3.64961773E-02  1.07961349E-01  1.16556534E-03  1.33197091E-03  2.49753613E-03
  9.72003269E+00  3.85803245E-02  1.00453489E-01  1.00909034E-03  1.48844148E-03  2.49753194E-03
  9.74003315E+00  4.05103043E-02  9.25442353E-02  8.56443599E-04  1.64108479E-03  2.49752845E-03
  9.76003361E+00  4.22783978E-02  8.42651874E-02  7.10062159E-04  1.78746297E-03  2.49752519E-03
  9.78003407E+00  4.38775420E-02  7.56494328E-02  5.72283694E-04  1.92523864E-03  2.49752239E-03
  9.80003452E+00  4.53013517E-02  6.67314008E-02  4.45307989E-04  2.05221237E-03  2.49752030E-03
  9.82003498E+00  4.65441309E-02  5.75467274E-02  3.31162591E-04  2.16635619E-03  2.49751890E-03
  9.84003544E+00  4.76009212E-02  4.81321178E-02  2.31670085E-04  2.26584775E-03  2.49751774E-03
  9.86003590E+00  4.84674945E-02  3.85251902E-02  1.48419029E-04  2.34909798E-03  2.49751704E-03
  9.88003635E+00  4.91403900E-02  2.87643354E-02  8.27386975E-05  2.41477787E-03  2.49751657E-03
  9.90003681E+00  4.96169180E-02  1.88885573E-02  3.56777600E-05  2.46183854E-03  2.49751634E-03
  9.92003727E+00  4.98951748E-02  8.93731974E-03  7.98756810E-06  2.48952839E-03  2.49751587E-03
  9.94003773E+00  4.99740541E-02 -1.04961079E-03  1.10168280E-07  2.49740598E-03  2.49751611E-03
  9.96003819E+00  4.98532355E-02 -1.10323280E-02  1.21712264E-05  2.48534512E-03  2.49751634E-03
  9.98003864E+00  4.95332032E-02 -2.09709406E-02  4.39780379E-05  2.45353812E-03  2.49751611E-03
  1.00000391E+01  4.90152352E-02 -3.08257323E-02  9.50225731E-05  2.40249326E-03  2.49751587E-03
