# t x v Ek Ep ET
  0.00000000E+00  5.00000007E-02  0.00000000E+00  0.00000000E+00  2.50000018E-03  2.50000018E-03
  1.99999996E-02  4.98999991E-02 -9.99999978E-03  9.99999975E-06  2.49000988E-03  2.50000996E-03
  3.99999991E-02  4.96001989E-02 -1.99799985E-02  3.99200326E-05  2.46017962E-03  2.50009960E-03
  5.99999987E-02  4.91013974E-02 -2.99000368E-02  8.94012264E-05  2.41094711E-03  2.50034826E-03
  7.99999982E-02  4.84051928E-02 -3.97203155E-02  1.57770352E-04  2.34306278E-03  2.50083301E-03
  9.99999940E-02  4.75139767E-02 -4.94013540E-02  2.44049384E-04  2.25757807E-03  2.50162743E-03
  1.19999990E-01  4.64309193E-02 -5.89041486E-02  3.46969900E-04  2.15583039E-03  2.50280020E-03
  1.39999986E-01  4.51599769E-02 -6.81903362E-02  4.64992190E-04  2.03942345E-03  2.50441558E-03
  1.59999982E-01  4.37058508E-02 -7.72223324E-02  5.96328871E-04  1.91020139E-03  2.50653038E-03
  1.79999977E-01  4.20739949E-02 -8.59635025E-02  7.38972391E-04  1.77022105E-03  2.50919349E-03
  1.99999973E-01  4.02705781E-02 -9.43783000E-02  8.90726340E-04  1.62171945E-03  2.51244567E-03
  2.19999969E-01  3.83024700E-02 -1.02432415E-01  1.04924000E-03  1.46707916E-03  2.51631904E-03
  2.39999965E-01  3.61772180E-02 -1.10092908E-01  1.21204485E-03  1.30879111E-03  2.52083596E-03
  2.59999961E-01  3.39030065E-02 -1.17328353E-01  1.37659430E-03  1.14941387E-03  2.52600806E-03
  2.79999971E-01  3.14886309E-02 -1.24108955E-01  1.54030335E-03  9.91533860E-04  2.53183721E-03
  2.99999982E-01  2.89434735E-02 -1.30406678E-01  1.70059025E-03  8.37724656E-04  2.53831502E-03
  3.19999993E-01  2.62774527E-02 -1.36195377E-01  1.85491797E-03  6.90504501E-04  2.54542241E-03
  3.40000004E-01  2.35009901E-02 -1.41450867E-01  2.00083479E-03  5.52296522E-04  2.55313143E-03
  3.60000014E-01  2.06249710E-02 -1.46151066E-01  2.13601347E-03  4.25389444E-04  2.56140297E-03
  3.80000025E-01  1.76606998E-02 -1.50276065E-01  2.25828961E-03  3.11900309E-04  2.57019000E-03
  4.00000036E-01  1.46198571E-02 -1.53808206E-01  2.36569648E-03  2.13740219E-04  2.57943664E-03
  4.20000046E-01  1.15144532E-02 -1.56732172E-01  2.45649740E-03  1.32582631E-04  2.58908002E-03
  4.40000057E-01  8.35678075E-03 -1.59035057E-01  2.52921483E-03  6.98357835E-05  2.59905052E-03
  4.60000068E-01  5.15936594E-03 -1.60706416E-01  2.58265529E-03  2.66190564E-05  2.60927435E-03
  4.80000079E-01  1.93491892E-03 -1.61738291E-01  2.61592749E-03  3.74391129E-06  2.61967140E-03
  5.00000060E-01 -1.30371668E-03 -1.62125275E-01  2.62846053E-03  1.69967723E-06  2.63016019E-03
  5.20000041E-01 -4.54361504E-03 -1.61864534E-01  2.62001273E-03  2.06444383E-05  2.64065713E-03
  5.40000021E-01 -7.77181843E-03 -1.60955817E-01  2.59067747E-03  6.04011620E-05  2.65107863E-03
  5.60000002E-01 -1.09753907E-02 -1.59401447E-01  2.54088221E-03  1.20459197E-04  2.66134134E-03
  5.79999983E-01 -1.41414693E-02 -1.57206371E-01  2.47138436E-03  1.99981150E-04  2.67136563E-03
  5.99999964E-01 -1.72573142E-02 -1.54378071E-01  2.38325889E-03  2.97814899E-04  2.68107373E-03
  6.19999945E-01 -2.03103609E-02 -1.50926605E-01  2.27788417E-03  4.12510766E-04  2.69039487E-03
  6.39999926E-01 -2.32882723E-02 -1.46864533E-01  2.15691910E-03  5.42343652E-04  2.69926270E-03
  6.59999907E-01 -2.61789858E-02 -1.42206877E-01  2.02227966E-03  6.85339328E-04  2.70761899E-03
  6.79999888E-01 -2.89707668E-02 -1.36971086E-01  1.87610777E-03  8.39305343E-04  2.71541299E-03
  6.99999869E-01 -3.16522457E-02 -1.31176934E-01  1.72073883E-03  1.00186467E-03  2.72260350E-03
  7.19999850E-01 -3.42124812E-02 -1.24846488E-01  1.55866460E-03  1.17049390E-03  2.72915838E-03
  7.39999831E-01 -3.66409831E-02 -1.18003994E-01  1.39249431E-03  1.34256168E-03  2.73505598E-03
  7.59999812E-01 -3.89277823E-02 -1.10675797E-01  1.22491317E-03  1.51537219E-03  2.74028536E-03
  7.79999793E-01 -4.10634428E-02 -1.02890238E-01  1.05864019E-03  1.68620632E-03  2.74484651E-03
  7.99999774E-01 -4.30391207E-02 -9.46775526E-02  8.96383950E-04  1.85236591E-03  2.74874992E-03
  8.19999754E-01 -4.48465943E-02 -8.60697329E-02  7.40799936E-04  2.01121694E-03  2.75201676E-03
  8.39999735E-01 -4.64782938E-02 -7.71004111E-02  5.94447309E-04  2.16023182E-03  2.75467918E-03
  8.59999716E-01 -4.79273461E-02 -6.78047538E-02  4.59748466E-04  2.29703053E-03  2.75677908E-03
  8.79999697E-01 -4.91875857E-02 -5.82192838E-02  3.38948506E-04  2.41941866E-03  2.75836722E-03
  8.99999678E-01 -5.02535962E-02 -4.83817682E-02  2.34079547E-04  2.52542389E-03  2.75950343E-03
  9.19999659E-01 -5.11207245E-02 -3.83310504E-02  1.46926948E-04  2.61332840E-03  2.76025524E-03
  9.39999640E-01 -5.17851040E-02 -2.81069055E-02  7.89998157E-05  2.68169702E-03  2.76069692E-03
  9.59999621E-01 -5.22436723E-02 -1.77498851E-02  3.15058423E-05  2.72940123E-03  2.76090717E-03
  9.79999602E-01 -5.24941832E-02 -7.30115082E-03  5.33068078E-06  2.75563938E-03  2.76097003E-03
  9.99999583E-01 -5.25352173E-02  3.19768488E-03  1.02251886E-06  2.75994907E-03  2.76097166E-03
  1.01999962E+00 -5.23661934E-02  1.37047283E-02  1.87819587E-05  2.74221832E-03  2.76100030E-03
  1.03999960E+00 -5.19873649E-02  2.41779666E-02  5.84574082E-05  2.70268600E-03  2.76114349E-03
  1.05999959E+00 -5.13998307E-02  3.45754400E-02  1.19546101E-04  2.64194258E-03  2.76148878E-03
  1.07999957E+00 -5.06055243E-02  4.48554084E-02  2.01200761E-04  2.56091915E-03  2.76211998E-03
  1.09999955E+00 -4.96072024E-02  5.49765117E-02  3.02241679E-04  2.46087462E-03  2.76311627E-03
  1.11999953E+00 -4.84084561E-02  6.48979545E-02  4.21174424E-04  2.34337873E-03  2.76455306E-03
  1.13999951E+00 -4.70136814E-02  7.45796412E-02  5.56212326E-04  2.21028621E-03  2.76649860E-03
  1.15999949E+00 -4.54280637E-02  8.39823782E-02  7.05304032E-04  2.06370908E-03  2.76901317E-03
  1.17999947E+00 -4.36575599E-02  9.30679888E-02  8.66165035E-04  1.90598250E-03  2.77214753E-03
  1.19999945E+00 -4.17088866E-02  1.01799503E-01  1.03631394E-03  1.73963117E-03  2.77594524E-03
  1.21999943E+00 -3.95894796E-02  1.10141277E-01  1.21311005E-03  1.56732684E-03  2.78043700E-03
  1.23999941E+00 -3.73074785E-02  1.18059173E-01  1.39379688E-03  1.39184797E-03  2.78564496E-03
  1.25999939E+00 -3.48716825E-02  1.25520661E-01  1.57554378E-03  1.21603429E-03  2.79157795E-03
  1.27999938E+00 -3.22915241E-02  1.32495001E-01  1.75549265E-03  1.04274251E-03  2.79823504E-03
  1.29999936E+00 -2.95770410E-02  1.38953298E-01  1.93080201E-03  8.74801364E-04  2.80560344E-03
  1.31999934E+00 -2.67388206E-02  1.44868702E-01  2.09869421E-03  7.14964524E-04  2.81365868E-03
  1.33999932E+00 -2.37879679E-02  1.50216460E-01  2.25649844E-03  5.65867405E-04  2.82236584E-03
  1.35999930E+00 -2.07360629E-02  1.54974058E-01  2.40169605E-03  4.29984299E-04  2.83168023E-03
  1.37999928E+00 -1.75951105E-02  1.59121275E-01  2.53195805E-03  3.09587922E-04  2.84154597E-03
  1.39999926E+00 -1.43774953E-02  1.62640303E-01  2.64518685E-03  2.06712371E-04  2.85189925E-03
  1.41999924E+00 -1.10959345E-02  1.65515795E-01  2.73954798E-03  1.23119768E-04  2.86266766E-03
  1.43999922E+00 -7.76342675E-03  1.67734981E-01  2.81350245E-03  6.02707951E-05  2.87377322E-03
  1.45999920E+00 -4.39320039E-03  1.69287667E-01  2.86583137E-03  1.93002088E-05  2.88513163E-03
  1.47999918E+00 -9.98660573E-04  1.70166314E-01  2.89565744E-03  9.97322900E-07  2.89665465E-03
  1.49999917E+00  2.40666280E-03  1.70366049E-01  2.90245912E-03  5.79202560E-06  2.90825125E-03
  1.51999915E+00  5.80917019E-03  1.69884712E-01  2.88608158E-03  3.37464589E-05  2.91982805E-03
  1.53999913E+00  9.19524580E-03  1.68722883E-01  2.84674112E-03  8.45525428E-05  2.93129357E-03
  1.55999911E+00  1.25513123E-02  1.66883826E-01  2.78502121E-03  1.57535440E-04  2.94255675E-03
  1.57999909E+00  1.58638861E-02  1.64373562E-01  2.70186691E-03  2.51662888E-04  2.95352982E-03
  1.59999907E+00  1.91196296E-02  1.61200792E-01  2.59856950E-03  3.65560234E-04  2.96412967E-03
  1.61999905E+00  2.23054048E-02  1.57376871E-01  2.47674785E-03  4.97531088E-04  2.97427899E-03
  1.63999903E+00  2.54083313E-02  1.52915791E-01  2.33832397E-03  6.45583321E-04  2.98390724E-03
  1.65999901E+00  2.84158308E-02  1.47834122E-01  2.18549278E-03  8.07459466E-04  2.99295224E-03
  1.67999899E+00  3.13156806E-02  1.42150953E-01  2.02068943E-03  9.80671844E-04  3.00136115E-03
  1.69999897E+00  3.40960696E-02  1.35887817E-01  1.84654992E-03  1.16254191E-03  3.00909183E-03
  1.71999896E+00  3.67456339E-02  1.29068598E-01  1.66587031E-03  1.35024160E-03  3.01611191E-03
  1.73999894E+00  3.92535143E-02  1.21719472E-01  1.48156297E-03  1.54083839E-03  3.02240136E-03
  1.75999892E+00  4.16093953E-02  1.13868773E-01  1.29660976E-03  1.73134182E-03  3.02795158E-03
  1.77999890E+00  4.38035503E-02  1.05546892E-01  1.11401465E-03  1.91875105E-03  3.03276582E-03
  1.79999888E+00  4.58268821E-02  9.67861861E-02  9.36756551E-04  2.10010307E-03  3.03685968E-03
  1.81999886E+00  4.76709530E-02  8.76208097E-02  7.67740596E-04  2.27251975E-03  3.04026040E-03
  1.83999884E+00  4.93280292E-02  7.80866221E-02  6.09752082E-04  2.43325438E-03  3.04300641E-03
  1.85999882E+00  5.07911034E-02  6.82210177E-02  4.65410732E-04  2.57973629E-03  3.04514705E-03
  1.87999880E+00  5.20539433E-02  5.80627993E-02  3.37128877E-04  2.70961295E-03  3.04674171E-03
  1.89999878E+00  5.31110913E-02  4.76520136E-02  2.27071447E-04  2.82078795E-03  3.04785930E-03
  1.91999876E+00  5.39579093E-02  3.70297953E-02  1.37120587E-04  2.91145593E-03  3.04857641E-03
  1.93999875E+00  5.45905903E-02  2.62382142E-02  6.88443906E-05  2.98013259E-03  3.04897688E-03
  1.95999873E+00  5.50061725E-02  1.53200971E-02  2.34705385E-05  3.02567892E-03  3.04914941E-03
  1.97999871E+00  5.52025624E-02  4.31886315E-03  1.86525801E-06  3.04732285E-03  3.04918806E-03
  1.99999869E+00  5.51785342E-02 -6.72164932E-03  4.51805681E-06  3.04467068E-03  3.04918876E-03
  2.01999879E+00  5.49337417E-02 -1.77573562E-02  3.15323705E-05  3.01771588E-03  3.04924836E-03
  2.03999877E+00  5.44687286E-02 -2.87441034E-02  8.26223477E-05  2.96684238E-03  3.04946466E-03
  2.05999875E+00  5.37849069E-02 -3.96378487E-02  1.57115908E-04  2.89281621E-03  3.04993219E-03
  2.07999873E+00  5.28845787E-02 -5.03948294E-02  2.53963895E-04  2.79677869E-03  3.05074267E-03
  2.09999871E+00  5.17709143E-02 -6.09717444E-02  3.71755363E-04  2.68022763E-03  3.05198296E-03
  2.11999869E+00  5.04479371E-02 -7.13259280E-02  5.08738856E-04  2.54499447E-03  3.05373338E-03
  2.13999867E+00  4.89205234E-02 -8.14155117E-02  6.62848528E-04  2.39321752E-03  3.05606611E-03
  2.15999866E+00  4.71943729E-02 -9.11996141E-02  8.31737008E-04  2.22730893E-03  3.05904588E-03
  2.17999864E+00  4.52759936E-02 -1.00638486E-01  1.01281051E-03  2.04991549E-03  3.06272600E-03
  2.19999862E+00  4.31726724E-02 -1.09693684E-01  1.20327051E-03  1.86387962E-03  3.06715025E-03
  2.21999860E+00  4.08924557E-02 -1.18328221E-01  1.40015676E-03  1.67219294E-03  3.07234982E-03
  2.23999858E+00  3.84441055E-02 -1.26506716E-01  1.60039496E-03  1.47794920E-03  3.07834428E-03
  2.25999856E+00  3.58370803E-02 -1.34195536E-01  1.80084433E-03  1.28429628E-03  3.08514060E-03
  2.27999854E+00  3.30814943E-02 -1.41362950E-01  1.99834839E-03  1.09438528E-03  3.09273368E-03
  2.29999852E+00  3.01880725E-02 -1.47979245E-01  2.18978571E-03  9.11319745E-04  3.10110534E-03
  2.31999850E+00  2.71681119E-02 -1.54016852E-01  2.37211911E-03  7.38106319E-04  3.11022531E-03
  2.33999848E+00  2.40334384E-02 -1.59450471E-01  2.54244520E-03  5.77606144E-04  3.12005123E-03
  2.35999846E+00  2.07963623E-02 -1.64257154E-01  2.69804127E-03  4.32488683E-04  3.13053001E-03
  2.37999845E+00  1.74696259E-02 -1.68416426E-01  2.83640926E-03  3.05187830E-04  3.14159715E-03
  2.39999843E+00  1.40663581E-02 -1.71910346E-01  2.95531680E-03  1.97862435E-04  3.15317931E-03
  2.41999841E+00  1.06000183E-02 -1.74723610E-01  3.05283419E-03  1.12360387E-04  3.16519453E-03
  2.43999839E+00  7.08434591E-03 -1.76843613E-01  3.12736630E-03  5.01879585E-05  3.17755435E-03
  2.45999837E+00  3.53330513E-03 -1.78260475E-01  3.17767984E-03  1.24842454E-05  3.19016399E-03
  2.47999835E+00 -3.89709276E-05 -1.78967133E-01  3.20292334E-03  1.51873325E-09  3.20292497E-03
  2.49999833E+00 -3.61823547E-03 -1.78959340E-01  3.20264441E-03  1.30916278E-05  3.21573601E-03
  2.51999831E+00 -7.19018560E-03 -1.78235695E-01  3.17679648E-03  5.16987675E-05  3.22849536E-03
  2.53999829E+00 -1.07405186E-02 -1.76797658E-01  3.12574138E-03  1.15358736E-04  3.24110012E-03
  2.55999827E+00 -1.42549910E-02 -1.74649552E-01  3.05024674E-03  2.03204763E-04  3.25345155E-03
  2.57999825E+00 -1.77194718E-02 -1.71798557E-01  2.95147463E-03  3.13979690E-04  3.26545443E-03
  2.59999824E+00 -2.11200044E-02 -1.68254659E-01  2.83096312E-03  4.46054590E-04  3.27701773E-03
  2.61999822E+00 -2.44428590E-02 -1.64030656E-01  2.69060559E-03  5.97453327E-04  3.28805903E-03
  2.63999820E+00 -2.76745874E-02 -1.59142077E-01  2.53261998E-03  7.65882782E-04  3.29850288E-03
  2.65999818E+00 -3.08020804E-02 -1.53607160E-01  2.35951599E-03  9.48768167E-04  3.30828410E-03
  2.67999816E+00 -3.38126197E-02 -1.47446752E-01  2.17405451E-03  1.14329322E-03  3.31734773E-03
  2.69999814E+00 -3.66939306E-02 -1.40684232E-01  1.97920552E-03  1.34644459E-03  3.32565000E-03
  2.71999812E+00 -3.94342281E-02 -1.33345440E-01  1.77810062E-03  1.55505829E-03  3.33315879E-03
  2.73999810E+00 -4.20222692E-02 -1.25458598E-01  1.57398602E-03  1.76587107E-03  3.33985710E-03
  2.75999808E+00 -4.44473960E-02 -1.17054142E-01  1.37016724E-03  1.97557104E-03  3.34573817E-03
  2.77999806E+00 -4.66995835E-02 -1.08164661E-01  1.16995943E-03  2.18085106E-03  3.35081061E-03
  2.79999804E+00 -4.87694778E-02 -9.88247469E-02  9.76633164E-04  2.37846188E-03  3.35509516E-03
  2.81999803E+00 -5.06484322E-02 -8.90708491E-02  7.93361571E-04  2.56526377E-03  3.35862534E-03
  2.83999801E+00 -5.23285493E-02 -7.89411664E-02  6.23170752E-04  2.73827696E-03  3.36144771E-03
  2.85999799E+00 -5.38027138E-02 -6.84754550E-02  4.68888786E-04  2.89473194E-03  3.36362072E-03
  2.87999797E+00 -5.50646186E-02 -5.77149130E-02  3.33101110E-04  3.03211226E-03  3.36521328E-03
  2.89999795E+00 -5.61087877E-02 -4.67019901E-02  2.18107598E-04  3.14819603E-03  3.36630363E-03
  2.91999793E+00 -5.69306090E-02 -3.54802348E-02  1.25884704E-04  3.24109429E-03  3.36697907E-03
  2.93999791E+00 -5.75263537E-02 -2.40941122E-02  5.80526248E-05  3.30928131E-03  3.36733391E-03
  2.95999789E+00 -5.78931831E-02 -1.25888409E-02  1.58478924E-05  3.35162063E-03  3.36746848E-03
  2.97999787E+00 -5.80291748E-02 -1.01020467E-03  1.02051345E-07  3.36738513E-03  3.36748711E-03
  2.99999785E+00 -5.79333194E-02  1.05956299E-02  1.12267371E-05  3.35626956E-03  3.36749619E-03
  3.01999784E+00 -5.76055385E-02  2.21822932E-02  4.92054169E-05  3.31839803E-03  3.36760352E-03
  3.03999782E+00 -5.70466816E-02  3.37034017E-02  1.13591923E-04  3.25432396E-03  3.36791598E-03
  3.05999780E+00 -5.62585182E-02  4.51127365E-02  2.03515898E-04  3.16502084E-03  3.36853671E-03
  3.07999778E+00 -5.52437454E-02  5.63644394E-02  3.17694998E-04  3.05187143E-03  3.36956652E-03
  3.09999776E+00 -5.40059693E-02  6.74131885E-02  4.54453810E-04  2.91664479E-03  3.37109854E-03
  3.11999774E+00 -5.25496937E-02  7.82143846E-02  6.11749012E-04  2.76147039E-03  3.37321940E-03
  3.13999772E+00 -5.08803092E-02  8.87243226E-02  7.87200523E-04  2.58880598E-03  3.37600661E-03
  3.15999770E+00 -4.90040630E-02  9.89003852E-02  9.78128635E-04  2.40139826E-03  3.37952701E-03
  3.17999768E+00 -4.69280481E-02  1.08701199E-01  1.18159503E-03  2.20224168E-03  3.38383671E-03
  3.19999766E+00 -4.46601696E-02  1.18086807E-01  1.39444950E-03  1.99453067E-03  3.38898017E-03
  3.21999764E+00 -4.22091112E-02  1.27018839E-01  1.61337852E-03  1.78160903E-03  3.39498743E-03
  3.23999763E+00 -3.95843163E-02  1.35460660E-01  1.83495902E-03  1.56691810E-03  3.40187713E-03
  3.25999761E+00 -3.67959328E-02  1.43377528E-01  2.05571158E-03  1.35394069E-03  3.40965227E-03
  3.27999759E+00 -3.38547900E-02  1.50736719E-01  2.27215583E-03  1.14614679E-03  3.41830263E-03
  3.29999757E+00 -3.07723470E-02  1.57507673E-01  2.48086685E-03  9.46937362E-04  3.42780421E-03
  3.31999755E+00 -2.75606476E-02  1.63662136E-01  2.67852959E-03  7.59589311E-04  3.43811885E-03
  3.33999753E+00 -2.42322832E-02  1.69174269E-01  2.86199339E-03  5.87203540E-04  3.44919693E-03
  3.35999751E+00 -2.08003335E-02  1.74020723E-01  3.02832131E-03  4.32653876E-04  3.46097513E-03
  3.37999749E+00 -1.72783192E-02  1.78180784E-01  3.17483931E-03  2.98540312E-04  3.47337965E-03
  3.39999747E+00 -1.36801470E-02  1.81636453E-01  3.29918019E-03  1.87146419E-04  3.48632666E-03
  3.41999745E+00 -1.00200577E-02  1.84372485E-01  3.39932158E-03  1.00401558E-04  3.49972304E-03
  3.43999743E+00 -6.31256774E-03  1.86376497E-01  3.47361970E-03  3.98485099E-05  3.51346820E-03
  3.45999742E+00 -2.57241260E-03  1.87639013E-01  3.52084008E-03  6.61730655E-06  3.52745736E-03
  3.47999740E+00  1.18551240E-03  1.88153490E-01  3.54017364E-03  1.40543966E-06  3.54157900E-03
  3.49999738E+00  4.94621089E-03  1.87916383E-01  3.53125669E-03  2.44650018E-05  3.55572160E-03
  3.51999736E+00  8.69464595E-03  1.86927140E-01  3.49417562E-03  7.55968649E-05  3.56977247E-03
  3.53999734E+00  1.24157993E-02  1.85188204E-01  3.42946732E-03  1.54152076E-04  3.58361937E-03
  3.55999732E+00  1.60947330E-02  1.82705045E-01  3.33811343E-03  2.59040418E-04  3.59715382E-03
  3.57999730E+00  1.97166428E-02  1.79486096E-01  3.22152604E-03  3.88746004E-04  3.61027196E-03
  3.59999728E+00  2.32669301E-02  1.75542772E-01  3.08152637E-03  5.41350048E-04  3.62287648E-03
  3.61999726E+00  2.67312508E-02  1.70889392E-01  2.92031839E-03  7.14559748E-04  3.63487820E-03
  3.63999724E+00  3.00955772E-02  1.65543139E-01  2.74045300E-03  9.05743742E-04  3.64619680E-03
  3.65999722E+00  3.33462507E-02  1.59524024E-01  2.54479144E-03  1.11197238E-03  3.65676382E-03
  3.67999721E+00  3.64700370E-02  1.52854770E-01  2.33645807E-03  1.33006356E-03  3.66652152E-03
  3.69999719E+00  3.94541919E-02  1.45560756E-01  2.11879332E-03  1.55663327E-03  3.67542659E-03
  3.71999717E+00  4.22864966E-02  1.37669921E-01  1.89530069E-03  1.78814784E-03  3.68344854E-03
  3.73999715E+00  4.49553244E-02  1.29212618E-01  1.66959001E-03  2.02098116E-03  3.69057106E-03
  3.75999713E+00  4.74496670E-02  1.20221555E-01  1.44532218E-03  2.25147093E-03  3.69679322E-03
  3.77999711E+00  4.97592017E-02  1.10731624E-01  1.22614927E-03  2.47597811E-03  3.70212737E-03
  3.79999709E+00  5.18743172E-02  1.00779787E-01  1.01565651E-03  2.69094482E-03  3.70660145E-03
  3.81999707E+00  5.37861623E-02  9.04049277E-02  8.17305117E-04  2.89295125E-03  3.71025642E-03
  3.83999705E+00  5.54866903E-02  7.96476975E-02  6.34375610E-04  3.07877269E-03  3.71314818E-03
  3.85999703E+00  5.69686703E-02  6.85503632E-02  4.69915249E-04  3.24542937E-03  3.71534470E-03
  3.87999701E+00  5.82257397E-02  5.71566299E-02  3.26688023E-04  3.39023676E-03  3.71692469E-03
  3.89999700E+00  5.92524186E-02  4.55114841E-02  2.07129517E-04  3.51084908E-03  3.71797848E-03
  3.91999698E+00  6.00441433E-02  3.36610004E-02  1.13306298E-04  3.60529916E-03  3.71860550E-03
  3.93999696E+00  6.05972745E-02  2.16521714E-02  4.68816543E-05  3.67202959E-03  3.71891120E-03
  3.95999694E+00  6.09091222E-02  9.53271613E-03  9.08726815E-06  3.70992115E-03  3.71900853E-03
  3.97999692E+00  6.09779581E-02 -2.64910795E-03  7.01777310E-07  3.71831143E-03  3.71901318E-03
  3.99999690E+00  6.08030222E-02 -1.48446998E-02  2.20365109E-05  3.69700743E-03  3.71904392E-03
  4.01999712E+00  6.03845231E-02 -2.70053037E-02  7.29286403E-05  3.64629063E-03  3.71921924E-03
  4.03999710E+00  5.97236454E-02 -3.90822068E-02  1.52741894E-04  3.56691377E-03  3.71965556E-03
  4.05999708E+00  5.88225536E-02 -5.10269366E-02  2.60374829E-04  3.46009270E-03  3.72046744E-03
  4.07999706E+00  5.76843694E-02 -6.27914444E-02  3.94276547E-04  3.32748657E-03  3.72176315E-03
  4.09999704E+00  5.63131720E-02 -7.43283182E-02  5.52469923E-04  3.17117339E-03  3.72364325E-03
  4.11999702E+00  5.47139794E-02 -8.55909511E-02  7.32581073E-04  2.99361954E-03  3.72620067E-03
  4.13999701E+00  5.28927334E-02 -9.65337455E-02  9.31876421E-04  2.79764133E-03  3.72951780E-03
  4.15999699E+00  5.08562699E-02 -1.07112288E-01  1.14730420E-03  2.58636009E-03  3.73366429E-03
  4.17999697E+00  4.86123115E-02 -1.17283538E-01  1.37554284E-03  2.36315676E-03  3.73869948E-03
  4.19999695E+00  4.61694151E-02 -1.27005994E-01  1.61305221E-03  2.13161483E-03  3.74466693E-03
  4.21999693E+00  4.35369574E-02 -1.36239871E-01  1.85613020E-03  1.89546670E-03  3.75159690E-03
  4.23999691E+00  4.07250859E-02 -1.44947261E-01  2.10097083E-03  1.65853265E-03  3.75950336E-03
  4.25999689E+00  3.77446897E-02 -1.53092280E-01  2.34372471E-03  1.42466160E-03  3.76838632E-03
  4.27999687E+00  3.46073546E-02 -1.60641223E-01  2.58056028E-03  1.19766896E-03  3.77822923E-03
  4.29999685E+00  3.13253142E-02 -1.67562693E-01  2.80772569E-03  9.81275341E-04  3.78900114E-03
  4.31999683E+00  2.79114097E-02 -1.73827752E-01  3.02160881E-03  7.79046793E-04  3.80065572E-03
  4.33999681E+00  2.43790317E-02 -1.79410040E-01  3.21879610E-03  5.94337180E-04  3.81313334E-03
  4.35999680E+00  2.07420718E-02 -1.84285849E-01  3.39612737E-03  4.30233544E-04  3.82636092E-03
  4.37999678E+00  1.70148704E-02 -1.88434258E-01  3.55074718E-03  2.89505813E-04  3.84025299E-03
  4.39999676E+00  1.32121556E-02 -1.91837236E-01  3.68015259E-03  1.74561050E-04  3.85471364E-03
  4.41999674E+00  9.34898667E-03 -1.94479674E-01  3.78223439E-03  8.74035541E-05  3.86963785E-03
  4.43999672E+00  5.44069521E-03 -1.96349472E-01  3.85531154E-03  2.96011640E-05  3.88491270E-03
  4.45999670E+00  1.50282471E-03 -1.97437614E-01  3.89816123E-03  2.25848203E-06  3.90041969E-03
  4.47999668E+00 -2.44893320E-03 -1.97738186E-01  3.91003909E-03  5.99727400E-06  3.91603634E-03
  4.49999666E+00 -6.39879890E-03 -1.97248399E-01  3.89069319E-03  4.09446257E-05  3.93163785E-03
  4.51999664E+00 -1.03309695E-02 -1.95968643E-01  3.84037080E-03  1.06728927E-04  3.94709967E-03
  4.53999662E+00 -1.42296795E-02 -1.93902448E-01  3.75981606E-03  2.02483774E-04  3.96229979E-03
  4.55999660E+00 -1.80792697E-02 -1.91056505E-01  3.65025899E-03  3.26859998E-04  3.97711899E-03
  4.57999659E+00 -2.18642429E-02 -1.87440649E-01  3.51339951E-03  4.78045113E-04  3.99144460E-03
  4.59999657E+00 -2.55693272E-02 -1.83067799E-01  3.35138175E-03  6.53790485E-04  4.00517229E-03
  4.61999655E+00 -2.91795451E-02 -1.77953929E-01  3.16676009E-03  8.51445831E-04  4.01820615E-03
  4.63999653E+00 -3.26802619E-02 -1.72118023E-01  2.96246144E-03  1.06799952E-03  4.03046096E-03
  4.65999651E+00 -3.60572636E-02 -1.65581971E-01  2.74173892E-03  1.30012631E-03  4.04186547E-03
  4.67999649E+00 -3.92967872E-02 -1.58370525E-01  2.50812224E-03  1.54423749E-03  4.05235961E-03
  4.69999647E+00 -4.23856042E-02 -1.50511160E-01  2.26536090E-03  1.79653941E-03  4.06190008E-03
  4.71999645E+00 -4.53110561E-02 -1.42034039E-01  2.01736693E-03  2.05309177E-03  4.07045893E-03
  4.73999643E+00 -4.80611138E-02 -1.32971823E-01  1.76815060E-03  2.30987067E-03  4.07802127E-03
  4.75999641E+00 -5.06244265E-02 -1.23359598E-01  1.52175908E-03  2.56283255E-03  4.08459175E-03
  4.77999640E+00 -5.29903695E-02 -1.13234714E-01  1.28221000E-03  2.80797924E-03  4.09018900E-03
  4.79999638E+00 -5.51490821E-02 -1.02636643E-01  1.05342804E-03  3.04142130E-03  4.09484934E-03
  4.81999636E+00 -5.70915155E-02 -9.16068256E-02  8.39181070E-04  3.25944112E-03  4.09862213E-03
  4.83999634E+00 -5.88094667E-02 -8.01885203E-02  6.43019914E-04  3.45855346E-03  4.10157349E-03
  4.85999632E+00 -6.02956191E-02 -6.84266239E-02  4.68220300E-04  3.63556179E-03  4.10378212E-03
  4.87999630E+00 -6.15435615E-02 -5.63675016E-02  3.17729515E-04  3.78760998E-03  4.10533929E-03
  4.89999628E+00 -6.25478253E-02 -4.40587886E-02  1.94117689E-04  3.91223049E-03  4.10634838E-03
  4.91999626E+00 -6.33039027E-02 -3.15492228E-02  9.95353475E-05  4.00738418E-03  4.10691975E-03
  4.93999624E+00 -6.38082772E-02 -1.88884437E-02  3.56773307E-05  4.07149643E-03  4.10717353E-03
  4.95999622E+00 -6.40584305E-02 -6.12678938E-03  3.75375498E-06  4.10348270E-03  4.10723640E-03
  4.97999620E+00 -6.40528426E-02  6.68489654E-03  4.46878403E-06  4.10276651E-03  4.10723547E-03
  4.99999619E+00 -6.37910366E-02  1.94954649E-02  3.80073143E-05  4.06929618E-03  4.10730345E-03
  5.01999617E+00 -6.32735416E-02  3.22536714E-02  1.04029932E-04  4.00354108E-03  4.10757121E-03
  5.03999615E+00 -6.25019222E-02  4.49083820E-02  2.01676274E-04  3.90649028E-03  4.10816632E-03
  5.05999613E+00 -6.14787526E-02  5.74087650E-02  3.29576636E-04  3.77963693E-03  4.10921359E-03
  5.07999611E+00 -6.02076203E-02  6.97045177E-02  4.85871977E-04  3.62495752E-03  4.11082944E-03
  5.09999609E+00 -5.86931147E-02  8.17460418E-02  6.68241584E-04  3.44488164E-03  4.11312329E-03
  5.11999607E+00 -5.69408052E-02  9.34846625E-02  8.73938203E-04  3.24225519E-03  4.11619339E-03
  5.13999605E+00 -5.49572296E-02  1.04872823E-01  1.09983084E-03  3.02029704E-03  4.12012776E-03
  5.15999603E+00 -5.27498573E-02  1.15864269E-01  1.34245295E-03  2.78254738E-03  4.12500044E-03
  5.17999601E+00 -5.03270701E-02  1.26414239E-01  1.59805606E-03  2.53281393E-03  4.13087010E-03
  5.19999599E+00 -4.76981327E-02  1.36479646E-01  1.86266936E-03  2.27511185E-03  4.13778145E-03
  5.21999598E+00 -4.48731408E-02  1.46019280E-01  2.13216315E-03  2.01359880E-03  4.14576195E-03
  5.23999596E+00 -4.18630093E-02  1.54993907E-01  2.40231119E-03  1.75251160E-03  4.15482279E-03
  5.25999594E+00 -3.86794060E-02  1.63366511E-01  2.66886177E-03  1.49609649E-03  4.16495837E-03
  5.27999592E+00 -3.53347175E-02  1.71102390E-01  2.92760297E-03  1.24854222E-03  4.17614542E-03
  5.29999590E+00 -3.18420008E-02  1.78169340E-01  3.17443139E-03  1.01391296E-03  4.18834435E-03
  5.31999588E+00 -2.82149296E-02  1.84537739E-01  3.40541801E-03  7.96082255E-04  4.20150021E-03
  5.33999586E+00 -2.44677439E-02  1.90180719E-01  3.61687061E-03  5.98670507E-04  4.21554130E-03
  5.35999584E+00 -2.06151940E-02  1.95074260E-01  3.80539685E-03  4.24986210E-04  4.23038285E-03
  5.37999582E+00 -1.66724790E-02  1.99197292E-01  3.96795617E-03  2.77971558E-04  4.24592756E-03
  5.39999580E+00 -1.26551883E-02  2.02531785E-01  4.10191249E-03  1.60153795E-04  4.26206645E-03
  5.41999578E+00 -8.57924204E-03  2.05062822E-01  4.20507602E-03  7.36033908E-05  4.27867938E-03
  5.43999577E+00 -4.46082698E-03  2.06778675E-01  4.27574245E-03  1.98989765E-05  4.29564156E-03
  5.45999575E+00 -3.16332036E-04  2.07670838E-01  4.31271782E-03  1.00065954E-07  4.31281794E-03
  5.47999573E+00  3.83771700E-03  2.07734108E-01  4.31534601E-03  1.47280716E-05  4.33007395E-03
  5.49999571E+00  7.98472390E-03  2.06966564E-01  4.28351574E-03  6.37558187E-05  4.34727175E-03
  5.51999569E+00  1.21080857E-02  2.05369622E-01  4.21766844E-03  1.46605744E-04  4.36427398E-03
  5.53999567E+00  1.61912609E-02  2.02948004E-01  4.11878945E-03  2.62156915E-04  4.38094651E-03
  5.55999565E+00  2.02178378E-02  1.99709758E-01  3.98839870E-03  4.08760970E-04  4.39715944E-03
  5.57999563E+00  2.41715964E-02  1.95666194E-01  3.82852601E-03  5.84266090E-04  4.41279216E-03
  5.59999561E+00  2.80365776E-02  1.90831870E-01  3.64168035E-03  7.86049699E-04  4.42773011E-03
  5.61999559E+00  3.17971408E-02  1.85224548E-01  3.43081332E-03  1.01105822E-03  4.44187131E-03
  5.63999557E+00  3.54380384E-02  1.78865120E-01  3.19927302E-03  1.25585462E-03  4.45512775E-03
  5.65999556E+00  3.89444642E-02  1.71777517E-01  2.95075169E-03  1.51667127E-03  4.46742307E-03
  5.67999554E+00  4.23021242E-02  1.63988620E-01  2.68922676E-03  1.78946974E-03  4.47869673E-03
  5.69999552E+00  4.54972908E-02  1.55528188E-01  2.41890177E-03  2.07000342E-03  4.48890496E-03
  5.71999550E+00  4.85168621E-02  1.46428734E-01  2.14413740E-03  2.35388591E-03  4.49802354E-03
  5.73999548E+00  5.13484031E-02  1.36725366E-01  1.86938257E-03  2.63665849E-03  4.50604130E-03
  5.75999546E+00  5.39802164E-02  1.26455680E-01  1.59910403E-03  2.91386386E-03  4.51296801E-03
  5.77999544E+00  5.64013720E-02  1.15659639E-01  1.33771531E-03  3.18111479E-03  4.51883022E-03
  5.79999542E+00  5.86017631E-02  1.04379363E-01  1.08950515E-03  3.43416655E-03  4.52367170E-03
  5.81999540E+00  6.05721436E-02  9.26590115E-02  8.58569227E-04  3.66898463E-03  4.52755392E-03
  5.83999538E+00  6.23041801E-02  8.05445835E-02  6.48743007E-04  3.88181093E-03  4.53055371E-03
  5.85999537E+00  6.37904629E-02  6.80837482E-02  4.63539705E-04  4.06922307E-03  4.53276280E-03
  5.87999535E+00  6.50245547E-02  5.53256571E-02  3.06092843E-04  4.22819285E-03  4.53428552E-03
  5.89999533E+00  6.60010204E-02  4.23207469E-02  1.79104565E-04  4.35613468E-03  4.53523919E-03
  5.91999531E+00  6.67154342E-02  2.91205421E-02  8.48006021E-05  4.45094937E-03  4.53575002E-03
  5.93999529E+00  6.71644136E-02  1.57774575E-02  2.48928172E-05  4.51105833E-03  4.53595119E-03
  5.95999527E+00  6.73456341E-02  2.34457478E-03  5.49703088E-07  4.53543430E-03  4.53598378E-03
  5.97999525E+00  6.72578365E-02 -1.11245513E-02  1.23755644E-05  4.52361675E-03  4.53599216E-03
  5.99999523E+00  6.69008344E-02 -2.45761164E-02  6.03985500E-05  4.47572162E-03  4.53612022E-03
  6.01999521E+00  6.62755072E-02 -3.79562825E-02  1.44067948E-04  4.39244276E-03  4.53651091E-03
  6.03999519E+00  6.53838292E-02 -5.12113832E-02  2.62260583E-04  4.27504489E-03  4.53730533E-03
  6.05999517E+00  6.42288402E-02 -6.42881468E-02  4.13296599E-04  4.12534410E-03  4.53864085E-03
  6.07999516E+00  6.28146231E-02 -7.71339163E-02  5.94964135E-04  3.94567708E-03  4.54064133E-03
  6.09999514E+00  6.11463152E-02 -8.96968395E-02  8.04552343E-04  3.73887178E-03  4.54342412E-03
  6.11999512E+00  5.92300855E-02 -1.01926103E-01  1.03889301E-03  3.50820296E-03  4.54709586E-03
  6.13999510E+00  5.70731014E-02 -1.13772117E-01  1.29440951E-03  3.25733889E-03  4.55174828E-03
  6.15999508E+00  5.46835139E-02 -1.25186741E-01  1.56717212E-03  2.99028680E-03  4.55745868E-03
  6.17999506E+00  5.20704128E-02 -1.36123449E-01  1.85295939E-03  2.71132798E-03  4.56428714E-03
  6.19999504E+00  4.92438041E-02 -1.46537527E-01  2.14732485E-03  2.42495234E-03  4.57227696E-03
  6.21999502E+00  4.62145656E-02 -1.56386286E-01  2.44566705E-03  2.13578600E-03  4.58145328E-03
  6.23999500E+00  4.29944135E-02 -1.65629193E-01  2.74330308E-03  1.84851955E-03  4.59182262E-03
  6.25999498E+00  3.95958424E-02 -1.74228072E-01  3.03554232E-03  1.56783068E-03  4.60337289E-03
  6.27999496E+00  3.60320881E-02 -1.82147235E-01  3.31776147E-03  1.29831140E-03  4.61607287E-03
  6.29999495E+00  3.23170759E-02 -1.89353645E-01  3.58548015E-03  1.04439340E-03  4.62987367E-03
  6.31999493E+00  2.84653697E-02 -1.95817053E-01  3.83443199E-03  8.10277299E-04  4.64470917E-03
  6.33999491E+00  2.44920999E-02 -2.01510131E-01  4.06063348E-03  5.99862949E-04  4.66049649E-03
  6.35999489E+00  2.04129145E-02 -2.06408545E-01  4.26044874E-03  4.16687079E-04  4.67713596E-03
  6.37999487E+00  1.62439179E-02 -2.10491121E-01  4.43065120E-03  2.63864873E-04  4.69451584E-03
  6.39999485E+00  1.20016076E-02 -2.13739902E-01  4.56847483E-03  1.44038582E-04  4.71251365E-03
  6.41999483E+00  7.70280603E-03 -2.16140226E-01  4.67165979E-03  5.93332225E-05  4.73099295E-03
  6.43999481E+00  3.36459582E-03 -2.17680782E-01  4.73849243E-03  1.13205051E-05  4.74981312E-03
  6.45999479E+00 -9.95748793E-04 -2.18353704E-01  4.76783421E-03  9.91515662E-07  4.76882560E-03
  6.47999477E+00 -5.36083104E-03 -2.18154550E-01  4.75914078E-03  2.87385101E-05  4.78787906E-03
  6.49999475E+00 -9.71320085E-03 -2.17082381E-01  4.71247640E-03  9.43462728E-05  4.80682263E-03
  6.51999474E+00 -1.40354214E-02 -2.15139747E-01  4.62851115E-03  1.96993060E-04  4.82550403E-03
  6.53999472E+00 -1.83101464E-02 -2.12332666E-01  4.50851629E-03  3.35261459E-04  4.84377798E-03
  6.55999470E+00 -2.25201808E-02 -2.08670631E-01  4.35434328E-03  5.07158518E-04  4.86150198E-03
  6.57999468E+00 -2.66485531E-02 -2.04166591E-01  4.16840008E-03  7.10145396E-04  4.87854565E-03
  6.59999466E+00 -3.06785870E-02 -1.98836878E-01  3.95361055E-03  9.41175676E-04  4.89478605E-03
  6.61999464E+00 -3.45939696E-02 -1.92701161E-01  3.71337379E-03  1.19674276E-03  4.91011655E-03
  6.63999462E+00 -3.83788049E-02 -1.85782373E-01  3.45150917E-03  1.47293264E-03  4.92444169E-03
  6.65999460E+00 -4.20176983E-02 -1.78106606E-01  3.17219645E-03  1.76548702E-03  4.93768323E-03
  6.67999458E+00 -4.54957969E-02 -1.69703066E-01  2.87991320E-03  2.06986745E-03  4.94978065E-03
  6.69999456E+00 -4.87988666E-02 -1.60603911E-01  2.57936167E-03  2.38132942E-03  4.96069109E-03
  6.71999454E+00 -5.19133471E-02 -1.50844142E-01  2.27539567E-03  2.69499561E-03  4.97039128E-03
  6.73999453E+00 -5.48264012E-02 -1.40461475E-01  1.97294261E-03  3.00593418E-03  4.97887656E-03
  6.75999451E+00 -5.75259775E-02 -1.29496187E-01  1.67692627E-03  3.30923800E-03  4.98616416E-03
  6.77999449E+00 -6.00008480E-02 -1.17990993E-01  1.39218743E-03  3.60010169E-03  4.99228900E-03
  6.79999447E+00 -6.22406639E-02 -1.05990827E-01  1.12340553E-03  3.87390028E-03  4.99730557E-03
  6.81999445E+00 -6.42359927E-02 -9.35426950E-02  8.75023601E-04  4.12626285E-03  5.00128651E-03
  6.83999443E+00 -6.59783781E-02 -8.06954950E-02  6.51176262E-04  4.35314653E-03  5.00432262E-03
  6.85999441E+00 -6.74603283E-02 -6.74998164E-02  4.55622532E-04  4.55089612E-03  5.00651868E-03
  6.87999439E+00 -6.86753988E-02 -5.40077500E-02  2.91683711E-04  4.71631018E-03  5.00799390E-03
  6.89999437E+00 -6.96182027E-02 -4.02726717E-02  1.62188822E-04  4.84669395E-03  5.00888284E-03
  6.91999435E+00 -7.02844188E-02 -2.63490304E-02  6.94271439E-05  4.93989931E-03  5.00932662E-03
  6.93999434E+00 -7.06708282E-02 -1.22921467E-02  1.51096874E-05  4.99436585E-03  5.00947563E-03
  6.95999432E+00 -7.07753226E-02  1.84201915E-03  3.39303455E-07  5.00914641E-03  5.00948587E-03
  6.97999430E+00 -7.05969259E-02  1.59970839E-02  2.55906689E-05  4.98392573E-03  5.00951661E-03
  6.99999428E+00 -7.01357871E-02  3.01164687E-02  9.07001668E-05  4.91902884E-03  5.00972895E-03
  7.01999426E+00 -6.93931878E-02  4.41436246E-02  1.94865963E-04  4.81541455E-03  5.01028029E-03
  7.03999424E+00 -6.83715269E-02  5.80222607E-02  3.36658297E-04  4.67466563E-03  5.01132384E-03
  7.05999422E+00 -6.70743436E-02  7.16965646E-02  5.14039712E-04  4.49896744E-03  5.01300720E-03
  7.07999420E+00 -6.55062646E-02  8.51114318E-02  7.24395621E-04  4.29107063E-03  5.01546636E-03
  7.09999418E+00 -6.36730269E-02  9.82126892E-02  9.64573235E-04  4.05425439E-03  5.01882751E-03
  7.11999416E+00 -6.15814291E-02  1.10947296E-01  1.23093033E-03  3.79227242E-03  5.02320286E-03
  7.13999414E+00 -5.92393205E-02  1.23263583E-01  1.51939108E-03  3.50929704E-03  5.02868835E-03
  7.15999413E+00 -5.66555709E-02  1.35111451E-01  1.82551041E-03  3.20985378E-03  5.03536407E-03
  7.17999411E+00 -5.38400300E-02  1.46442562E-01  2.14454229E-03  2.89874873E-03  5.04329102E-03
  7.19999409E+00 -5.08035012E-02  1.57210574E-01  2.47151661E-03  2.58099567E-03  5.05251251E-03
  7.21999407E+00 -4.75576818E-02  1.67371273E-01  2.80131446E-03  2.26173317E-03  5.06304763E-03
  7.23999405E+00 -4.41151410E-02  1.76882803E-01  3.12875258E-03  1.94614567E-03  5.07489825E-03
  7.25999403E+00 -4.04892564E-02  1.85705826E-01  3.44866561E-03  1.63937989E-03  5.08804526E-03
  7.27999401E+00 -3.66941579E-02  1.93803683E-01  3.75598669E-03  1.34646124E-03  5.10244817E-03
  7.29999399E+00 -3.27446945E-02  2.01142520E-01  4.04583151E-03  1.07221503E-03  5.11804642E-03
  7.31999397E+00 -2.86563560E-02  2.07691461E-01  4.31357464E-03  8.21186753E-04  5.13476133E-03
  7.33999395E+00 -2.44452134E-02  2.13422731E-01  4.55492642E-03  5.97568462E-04  5.15249465E-03
  7.35999393E+00 -2.01278683E-02  2.18311772E-01  4.76600323E-03  4.05131083E-04  5.17113414E-03
  7.37999392E+00 -1.57213770E-02  2.22337350E-01  4.94338991E-03  2.47161690E-04  5.19055175E-03
  7.39999390E+00 -1.12431878E-02  2.25481629E-01  5.08419657E-03  1.26409272E-04  5.21060592E-03
  7.41999388E+00 -6.71106903E-03  2.27730274E-01  5.18610794E-03  4.50384468E-05  5.23114624E-03
  7.43999386E+00 -2.14304123E-03  2.29072481E-01  5.24742017E-03  4.59262583E-06  5.25201298E-03
  7.45999384E+00  2.44269450E-03  2.29501083E-01  5.26707480E-03  5.96675636E-06  5.27304178E-03
  7.47999382E+00  7.02783046E-03  2.29012549E-01  5.24467509E-03  4.93904008E-05  5.29406546E-03
  7.49999380E+00  1.15940254E-02  2.27606982E-01  5.18049393E-03  1.34421425E-04  5.31491544E-03
  7.51999378E+00  1.61229763E-02  2.25288182E-01  5.07547660E-03  2.59950379E-04  5.33542689E-03
  7.53999376E+00  2.05964930E-02  2.22063586E-01  4.93122404E-03  4.24215512E-04  5.35543961E-03
  7.55999374E+00  2.49965731E-02  2.17944294E-01  4.74997191E-03  6.24828681E-04  5.37480041E-03
  7.57999372E+00  2.93054655E-02  2.12944984E-01  4.53455700E-03  8.58810323E-04  5.39336726E-03
  7.59999371E+00  3.35057564E-02  2.07083896E-01  4.28837398E-03  1.12263567E-03  5.41100977E-03
  7.61999369E+00  3.75804231E-02  2.00382739E-01  4.01532417E-03  1.41228817E-03  5.42761246E-03
  7.63999367E+00  4.15129177E-02  1.92866653E-01  3.71975452E-03  1.72332232E-03  5.44307660E-03
  7.65999365E+00  4.52872254E-02  1.84564069E-01  3.40638938E-03  2.05093273E-03  5.45732211E-03
  7.67999363E+00  4.88879345E-02  1.75506622E-01  3.08025745E-03  2.39003007E-03  5.47028752E-03
  7.69999361E+00  5.23002893E-02  1.65729031E-01  2.74661114E-03  2.73532025E-03  5.48193138E-03
  7.71999359E+00  5.55102676E-02  1.55268967E-01  2.41084537E-03  3.08138970E-03  5.49223507E-03
  7.73999357E+00  5.85046262E-02  1.44166917E-01  2.07841001E-03  3.42279137E-03  5.50120138E-03
  7.75999355E+00  6.12709560E-02  1.32465988E-01  1.75472384E-03  3.75413010E-03  5.50885405E-03
  7.77999353E+00  6.37977347E-02  1.20211795E-01  1.44508760E-03  4.07015113E-03  5.51523874E-03
  7.79999352E+00  6.60743713E-02  1.07452251E-01  1.15459866E-03  4.36582277E-03  5.52042155E-03
  7.81999350E+00  6.80912659E-02  9.42373797E-02  8.88068404E-04  4.63642040E-03  5.52448863E-03
  7.83999348E+00  6.98398352E-02  8.06191266E-02  6.49944355E-04  4.87760268E-03  5.52754709E-03
  7.85999346E+00  7.13125393E-02  6.66511580E-02  4.44237696E-04  5.08547807E-03  5.52971568E-03
  7.87999344E+00  7.25029334E-02  5.23886494E-02  2.74457067E-04  5.25667518E-03  5.53113222E-03
  7.89999342E+00  7.34057054E-02  3.78880650E-02  1.43550555E-04  5.38839772E-03  5.53194806E-03
  7.91999340E+00  7.40166530E-02  2.32069232E-02  5.38561253E-05  5.47846500E-03  5.53232105E-03
  7.93999338E+00  7.43327588E-02  8.40359274E-03  7.06203718E-06  5.52535895E-03  5.53242117E-03
  7.95999336E+00  7.43521601E-02 -6.46295957E-03  4.17698493E-06  5.52824372E-03  5.53242071E-03
  7.97999334E+00  7.40741938E-02 -2.13333908E-02  4.55113586E-05  5.48698613E-03  5.53249754E-03
  7.99999332E+00  7.34993815E-02 -3.61482278E-02  1.30669432E-04  5.40215895E-03  5.53282816E-03
  8.01999378E+00  7.26294145E-02 -5.08481041E-02  2.58552958E-04  5.27503202E-03  5.53358486E-03
  8.03999424E+00  7.14671984E-02 -6.53739870E-02  4.27375839E-04  5.10756066E-03  5.53493667E-03
  8.05999470E+00  7.00167865E-02 -7.96674266E-02  6.34689932E-04  4.90235025E-03  5.53704007E-03
  8.07999516E+00  6.82834014E-02 -9.36707854E-02  8.77421640E-04  4.66262270E-03  5.54004451E-03
  8.09999561E+00  6.62734136E-02 -1.07327469E-01  1.15191855E-03  4.39216522E-03  5.54408366E-03
  8.11999607E+00  6.39943182E-02 -1.20582148E-01  1.45400548E-03  4.09527263E-03  5.54927811E-03
  8.13999653E+00  6.14546873E-02 -1.33381009E-01  1.77904952E-03  3.77667858E-03  5.55572798E-03
  8.15999699E+00  5.86641580E-02 -1.45671949E-01  2.12203176E-03  3.44148348E-03  5.56351524E-03
  8.17999744E+00  5.56333922E-02 -1.57404780E-01  2.47762655E-03  3.09507432E-03  5.57270087E-03
  8.19999790E+00  5.23740314E-02 -1.68531463E-01  2.84028542E-03  2.74303928E-03  5.58332447E-03
  8.21999836E+00  4.88986559E-02 -1.79006264E-01  3.20432405E-03  2.39107851E-03  5.59540279E-03
  8.23999882E+00  4.52207327E-02 -1.88786000E-01  3.56401550E-03  2.04491476E-03  5.60893025E-03
  8.25999928E+00  4.13545705E-02 -1.97830141E-01  3.91367637E-03  1.71020045E-03  5.62387705E-03
  8.27999973E+00  3.73152569E-02 -2.06101060E-01  4.24776506E-03  1.39242841E-03  5.64019335E-03
  8.30000019E+00  3.31186056E-02 -2.13564113E-01  4.56096325E-03  1.09684200E-03  5.65780513E-03
  8.32000065E+00  2.87810862E-02 -2.20187828E-01  4.84826788E-03  8.28350894E-04  5.67661878E-03
  8.34000111E+00  2.43197680E-02 -2.25944042E-01  5.10507124E-03  5.91451128E-04  5.69652254E-03
  8.36000156E+00  1.97522473E-02 -2.30807990E-01  5.32723311E-03  3.90151283E-04  5.71738463E-03
  8.38000202E+00  1.50965825E-02 -2.34758437E-01  5.51115256E-03  2.27906799E-04  5.73905930E-03
  8.40000248E+00  1.03712203E-02 -2.37777755E-01  5.65382605E-03  1.07562213E-04  5.76138822E-03
  8.42000294E+00  5.59492270E-03 -2.39851996E-01  5.75289829E-03  3.13031596E-05  5.78420144E-03
  8.44000340E+00  7.86692835E-04 -2.40970984E-01  5.80670172E-03  6.18885622E-07  5.80732059E-03
  8.46000385E+00 -4.03430033E-03 -2.41128325E-01  5.81428735E-03  1.62755787E-05  5.83056314E-03
  8.48000431E+00 -8.84879753E-03 -2.40321472E-01  5.77544095E-03  7.83012147E-05  5.85374236E-03
  8.50000477E+00 -1.36375288E-02 -2.38551706E-01  5.69069153E-03  1.85982193E-04  5.87667385E-03
  8.52000523E+00 -1.83812883E-02 -2.35824198E-01  5.56130521E-03  3.37871752E-04  5.89917693E-03
  8.54000568E+00 -2.30610091E-02 -2.32147947E-01  5.38926711E-03  5.31810161E-04  5.92107745E-03
  8.56000614E+00 -2.76578441E-02 -2.27535740E-01  5.17725153E-03  7.64956349E-04  5.94220776E-03
  8.58000660E+00 -3.21532413E-02 -2.22004175E-01  4.92858561E-03  1.03383092E-03  5.96241653E-03
  8.60000706E+00 -3.65290195E-02 -2.15573519E-01  4.64719441E-03  1.33436930E-03  5.98156359E-03
  8.62000751E+00 -4.07674350E-02 -2.08267719E-01  4.33754455E-03  1.66198378E-03  5.99952834E-03
  8.64000797E+00 -4.48512547E-02 -2.00114235E-01  4.00457112E-03  2.01163511E-03  6.01620600E-03
  8.66000843E+00 -4.87638377E-02 -1.91143990E-01  3.65360244E-03  2.37791194E-03  6.03151415E-03
  8.68000889E+00 -5.24891876E-02 -1.81391224E-01  3.29027767E-03  2.75511481E-03  6.04539271E-03
  8.70000935E+00 -5.60120344E-02 -1.70893386E-01  2.92045507E-03  3.13734799E-03  6.05780305E-03
  8.72000980E+00 -5.93178794E-02 -1.59690976E-01  2.55012093E-03  3.51861073E-03  6.06873166E-03
  8.74001026E+00 -6.23930618E-02 -1.47827402E-01  2.18529417E-03  3.89289414E-03  6.07818831E-03
  8.76001072E+00 -6.52248189E-02 -1.35348797E-01  1.83192978E-03  4.25427686E-03  6.08620653E-03
  8.78001118E+00 -6.78013414E-02 -1.22303836E-01  1.49582280E-03  4.59702173E-03  6.09284453E-03
  8.80001163E+00 -7.01118186E-02 -1.08743563E-01  1.18251634E-03  4.91566723E-03  6.09818380E-03
  8.82001209E+00 -7.21464679E-02 -9.47211981E-02  8.97210557E-04  5.20511298E-03  6.10232353E-03
  8.84001255E+00 -7.38965943E-02 -8.02919045E-02  6.44679007E-04  5.46070654E-03  6.10538572E-03
  8.86001301E+00 -7.53546432E-02 -6.55125827E-02  4.29189851E-04  5.67832217E-03  6.10751193E-03
  8.88001347E+00 -7.65141845E-02 -5.04416525E-02  2.54436018E-04  5.85442036E-03  6.10885629E-03
  8.90001392E+00 -7.73699880E-02 -3.51388156E-02  1.23473641E-04  5.98611496E-03  6.10958878E-03
  8.92001438E+00 -7.79180229E-02 -1.96648184E-02  3.86705069E-05  6.07121829E-03  6.10988867E-03
  8.94001484E+00 -7.81554803E-02 -4.08121385E-03  1.66563063E-06  6.10827887E-03  6.10994454E-03
  8.96001530E+00 -7.80807883E-02  1.15498826E-02  1.33399799E-05  6.09660940E-03  6.10994920E-03
  8.98001575E+00 -7.76936263E-02  2.71660388E-02  7.37993687E-05  6.03629975E-03  6.11009914E-03
  9.00001621E+00 -7.69949183E-02  4.27047648E-02  1.82369695E-04  5.92821743E-03  6.11058716E-03
  9.02001667E+00 -7.59868324E-02  5.81037477E-02  3.37604550E-04  5.77399880E-03  6.11160323E-03
  9.04001713E+00 -7.46727809E-02  7.33011141E-02  5.37305314E-04  5.57602430E-03  6.11332944E-03
  9.06001759E+00 -7.30574131E-02  8.82356688E-02  7.78553309E-04  5.33738546E-03  6.11593854E-03
  9.08001804E+00 -7.11465850E-02  1.02847151E-01  1.05775369E-03  5.06183645E-03  6.11959025E-03
  9.10001850E+00 -6.89473525E-02  1.17076471E-01  1.37069006E-03  4.75373724E-03  6.12442754E-03
  9.12001896E+00 -6.64679259E-02  1.30865946E-01  1.71258952E-03  4.41798521E-03  6.13057474E-03
  9.14001942E+00 -6.37176707E-02  1.44159526E-01  2.07819697E-03  4.05994151E-03  6.13813847E-03
  9.16001987E+00 -6.07070439E-02  1.56903058E-01  2.46185693E-03  3.68534517E-03  6.14720210E-03
  9.18002033E+00 -5.74475676E-02  1.69044465E-01  2.85760313E-03  3.30022303E-03  6.15782617E-03
  9.20002079E+00 -5.39517812E-02  1.80533975E-01  3.25925159E-03  2.91079469E-03  6.17004652E-03
  9.22002125E+00 -5.02332002E-02  1.91324338E-01  3.66050052E-03  2.52337451E-03  6.18387479E-03
  9.24002171E+00 -4.63062450E-02  2.01370984E-01  4.05502738E-03  2.14426825E-03  6.19929563E-03
  9.26002216E+00 -4.21862155E-02  2.10632235E-01  4.43659397E-03  1.77967676E-03  6.21627085E-03
  9.28002262E+00 -3.78891975E-02  2.19069481E-01  4.79914388E-03  1.43559126E-03  6.23473525E-03
  9.30002308E+00 -3.34320292E-02  2.26647317E-01  5.13690105E-03  1.11770059E-03  6.25460176E-03
  9.32002354E+00 -2.88322195E-02  2.33333722E-01  5.44446288E-03  8.31296900E-04  6.27576001E-03
  9.34002399E+00 -2.41078809E-02  2.39100158E-01  5.71688870E-03  5.81189932E-04  6.29807869E-03
  9.36002445E+00 -1.92776620E-02  2.43921727E-01  5.94978081E-03  3.71628266E-04  6.32140925E-03
  9.38002491E+00 -1.43606728E-02  2.47777253E-01  6.13935664E-03  2.06228928E-04  6.34558545E-03
  9.40002537E+00 -9.37640667E-03  2.50649393E-01  6.28251210E-03  8.79170038E-05  6.37042895E-03
  9.42002583E+00 -4.34466638E-03  2.52524674E-01  6.37687137E-03  1.88761260E-05  6.39574742E-03
  9.44002628E+00  7.14516384E-04  2.53393620E-01  6.42083306E-03  5.10533653E-07  6.42134342E-03
  9.46002674E+00  5.78095950E-03  2.53250718E-01  6.41359249E-03  3.34194920E-05  6.44701207E-03
  9.48002720E+00  1.08344117E-02  2.52094537E-01  6.35516597E-03  1.17384479E-04  6.47255033E-03
  9.50002766E+00  1.58546343E-02  2.49927655E-01  6.24638330E-03  2.51369434E-04  6.49775285E-03
  9.52002811E+00  2.08214782E-02  2.46756732E-01  6.08888874E-03  4.33533947E-04  6.52242266E-03
  9.54002857E+00  2.57149693E-02  2.42592439E-01  5.88510931E-03  6.61259633E-04  6.54636882E-03
  9.56002903E+00  3.05153895E-02  2.37449452E-01  5.63822454E-03  9.31188988E-04  6.56941347E-03
  9.58002949E+00  3.52033488E-02  2.31346369E-01  5.35211433E-03  1.23927579E-03  6.59138989E-03
  9.60002995E+00  3.97598669E-02  2.24305704E-01  5.03130490E-03  1.58084696E-03  6.61215186E-03
  9.62003040E+00  4.41664606E-02  2.16353729E-01  4.68089385E-03  1.95067620E-03  6.63156994E-03
  9.64003086E+00  4.84052002E-02  2.07520440E-01  4.30647330E-03  2.34306348E-03  6.64953701E-03
  9.66003132E+00  5.24588004E-02  1.97839394E-01  3.91404284E-03  2.75192573E-03  6.66596834E-03
  9.68003178E+00  5.63106686E-02  1.87347636E-01  3.50991380E-03  3.17089143E-03  6.68080524E-03
  9.70003223E+00  5.99449985E-02  1.76085502E-01  3.10061034E-03  3.59340291E-03  6.69401325E-03
  9.72003269E+00  6.33468181E-02  1.64096504E-01  2.69276625E-03  4.01281938E-03  6.70558587E-03
  9.74003315E+00  6.65020496E-02  1.51427135E-01  2.29301769E-03  4.42252262E-03  6.71554031E-03
  9.76003361E+00  6.93975836E-02  1.38126731E-01  1.90789939E-03  4.81602456E-03  6.72392407E-03
  9.78003407E+00  7.20213205E-02  1.24247216E-01  1.54373702E-03  5.18707046E-03  6.73080748E-03
  9.80003452E+00  7.43622258E-02  1.09842956E-01  1.20654749E-03  5.52974083E-03  6.73628831E-03
  9.82003498E+00  7.64103606E-02  9.49705094E-02  9.01939755E-04  5.83854318E-03  6.74048299E-03
  9.84003544E+00  7.81569555E-02  7.96884373E-02  6.35024742E-04  6.10850984E-03  6.74353447E-03
  9.86003590E+00  7.95944110E-02  6.40570447E-02  4.10330482E-04  6.33527013E-03  6.74560061E-03
  9.88003635E+00  8.07163641E-02  4.81381640E-02  2.31728292E-04  6.51513133E-03  6.74685976E-03
  9.90003681E+00  8.15176964E-02  3.19948904E-02  1.02367303E-04  6.64513465E-03  6.74750190E-03
  9.92003727E+00  8.19945633E-02  1.56913511E-02  2.46218497E-05  6.72310824E-03  6.74773008E-03
  9.94003773E+00  8.21444020E-02 -7.07561150E-04  5.00642798E-08  6.74770260E-03  6.74775289E-03
  9.96003819E+00  8.19659680E-02 -1.71364415E-02  2.93657631E-05  6.71841996E-03  6.74778549E-03
  9.98003864E+00  8.14593062E-02 -3.35296355E-02  1.12423651E-04  6.63561840E-03  6.74804207E-03
  1.00000391E+01  8.06257948E-02 -4.98214960E-02  2.48218159E-04  6.50051888E-03  6.74873684E-03
