# t x v Ek Ep ET
  0.00000000E+00  5.00000007E-02  0.00000000E+00  0.00000000E+00  2.50000018E-03  2.50000018E-03
  1.99999996E-02  4.98999991E-02 -9.98999923E-03  9.98000814E-06  2.49000988E-03  2.49998993E-03
  3.99999991E-02  4.96004000E-02 -1.99400373E-02  3.97605108E-05  2.46019964E-03  2.49996013E-03
  5.99999987E-02  4.91023995E-02 -2.98103169E-02  8.88655049E-05  2.41104560E-03  2.49991100E-03
  7.99999982E-02  4.84079868E-02 -3.95613536E-02  1.56510083E-04  2.34333309E-03  2.49984325E-03
  9.99999940E-02  4.75199446E-02 -4.91541475E-02  2.41613016E-04  2.25814525E-03  2.49975827E-03
  1.19999990E-01  4.64418232E-02 -5.85503243E-02  3.42814048E-04  2.15684297E-03  2.49965698E-03
  1.39999986E-01  4.51779328E-02 -6.77122995E-02  4.58495546E-04  2.04104558E-03  2.49954103E-03
  1.59999982E-01  4.37333286E-02 -7.66034275E-02  5.86808543E-04  1.91260409E-03  2.49941275E-03
  1.79999977E-01  4.21137922E-02 -8.51881355E-02  7.25701859E-04  1.77357148E-03  2.49927328E-03
  1.99999973E-01  4.03258018E-02 -9.34320986E-02  8.72955774E-04  1.62617024E-03  2.49912590E-03
  2.19999969E-01  3.83765064E-02 -1.01302326E-01  1.02621620E-03  1.47275627E-03  2.49897246E-03
  2.39999965E-01  3.62737067E-02 -1.08767346E-01  1.18303357E-03  1.31578185E-03  2.49881530E-03
  2.59999961E-01  3.40258144E-02 -1.15797296E-01  1.34090136E-03  1.15775608E-03  2.49865744E-03
  2.79999971E-01  3.16418186E-02 -1.22364059E-01  1.49729638E-03  1.00120471E-03  2.49850098E-03
  2.99999982E-01  2.91312542E-02 -1.28441364E-01  1.64971838E-03  8.48629978E-04  2.49834824E-03
  3.19999993E-01  2.65041646E-02 -1.34004906E-01  1.79573148E-03  7.02470716E-04  2.49820226E-03
  3.40000004E-01  2.37710569E-02 -1.39032423E-01  1.93300156E-03  5.65063150E-04  2.49806466E-03
  3.60000014E-01  2.09428668E-02 -1.43503815E-01  2.05933466E-03  4.38603660E-04  2.49793823E-03
  3.80000025E-01  1.80309061E-02 -1.47401199E-01  2.17271131E-03  3.25113564E-04  2.49782484E-03
  4.00000036E-01  1.50468210E-02 -1.50708973E-01  2.27131951E-03  2.26406817E-04  2.49772635E-03
  4.20000046E-01  1.20025473E-02 -1.53413907E-01  2.35358276E-03  1.44061138E-04  2.49764393E-03
  4.40000057E-01  8.91026389E-03 -1.55505180E-01  2.41818628E-03  7.93928048E-05  2.49757897E-03
  4.60000068E-01  5.78234019E-03 -1.56974435E-01  2.46409746E-03  3.34354590E-05  2.49753287E-03
  4.80000079E-01  2.63128686E-03 -1.57815799E-01  2.49058264E-03  6.92367075E-06  2.49750633E-03
  5.00000060E-01 -5.30291698E-04 -1.58025905E-01  2.49721878E-03  2.81209282E-07  2.49750004E-03
  5.20000041E-01 -3.68974940E-03 -1.57603905E-01  2.48389924E-03  1.36142507E-05  2.49751355E-03
  5.40000021E-01 -6.83444785E-03 -1.56551480E-01  2.45083659E-03  4.67096761E-05  2.49754637E-03
  5.60000002E-01 -9.95180849E-03 -1.54872850E-01  2.39856006E-03  9.90384942E-05  2.49759853E-03
  5.79999983E-01 -1.30293621E-02 -1.52574733E-01  2.32790480E-03  1.69764273E-04  2.49766908E-03
  5.99999964E-01 -1.60547979E-02 -1.49666324E-01  2.24000099E-03  2.57756532E-04  2.49775755E-03
  6.19999945E-01 -1.90160144E-02 -1.46159247E-01  2.13625259E-03  3.61608807E-04  2.49786139E-03
  6.39999926E-01 -2.19011679E-02 -1.42067522E-01  2.01831828E-03  4.79661161E-04  2.49797944E-03
  6.59999907E-01 -2.46987157E-02 -1.37407541E-01  1.88808329E-03  6.10026531E-04  2.49810982E-03
  6.79999888E-01 -2.73974687E-02 -1.32197917E-01  1.74762891E-03  7.50621315E-04  2.49825022E-03
  6.99999869E-01 -2.99866311E-02 -1.26459509E-01  1.59920088E-03  8.99198058E-04  2.49839900E-03
  7.19999850E-01 -3.24558467E-02 -1.20215259E-01  1.44517084E-03  1.05338194E-03  2.49855267E-03
  7.39999831E-01 -3.47952396E-02 -1.13490149E-01  1.28800143E-03  1.21070875E-03  2.49871006E-03
  7.59999812E-01 -3.69954519E-02 -1.06311083E-01  1.13020465E-03  1.36866351E-03  2.49886815E-03
  7.79999793E-01 -3.90476808E-02 -9.87067670E-02  9.74302588E-04  1.52472139E-03  2.49902392E-03
  7.99999774E-01 -4.09437194E-02 -9.07076299E-02  8.22787464E-04  1.67638820E-03  2.49917572E-03
  8.19999754E-01 -4.26759869E-02 -8.23456571E-02  6.78080774E-04  1.82123983E-03  2.49932054E-03
  8.39999735E-01 -4.42375503E-02 -7.36543015E-02  5.42495633E-04  1.95696088E-03  2.49945652E-03
  8.59999716E-01 -4.56221625E-02 -6.46683276E-02  4.18199284E-04  2.08138162E-03  2.49958085E-03
  8.79999697E-01 -4.68242839E-02 -5.54236844E-02  3.07178474E-04  2.19251355E-03  2.49969214E-03
  8.99999678E-01 -4.78391089E-02 -4.59573455E-02  2.11207764E-04  2.28858041E-03  2.49978807E-03
  9.19999659E-01 -4.86625805E-02 -3.63071784E-02  1.31821129E-04  2.36804667E-03  2.49986770E-03
  9.39999640E-01 -4.92913984E-02 -2.65117809E-02  7.02874531E-05  2.42964202E-03  2.49992940E-03
  9.59999621E-01 -4.97230515E-02 -1.66103356E-02  2.75903240E-05  2.47238181E-03  2.49997224E-03
  9.79999602E-01 -4.99558114E-02 -6.64244965E-03  4.41221391E-06  2.49558315E-03  2.49999529E-03
  9.99999583E-01 -4.99887466E-02  3.35200597E-03  1.12359442E-06  2.49887491E-03  2.49999855E-03
  1.01999962E+00 -4.98217270E-02  1.33330533E-02  1.77770326E-05  2.48220447E-03  2.49998155E-03
  1.03999960E+00 -4.94554229E-02  2.32607685E-02  5.41063382E-05  2.44583888E-03  2.49994523E-03
  1.05999959E+00 -4.88912985E-02  3.30954418E-02  1.09530825E-04  2.39035906E-03  2.49988982E-03
  1.07999957E+00 -4.81316075E-02  4.27977331E-02  1.83164593E-04  2.31665163E-03  2.49981624E-03
  1.09999955E+00 -4.71793897E-02  5.23288324E-02  2.73830694E-04  2.22589471E-03  2.49972544E-03
  1.11999953E+00 -4.60384563E-02  6.16506189E-02  3.80079902E-04  2.11953954E-03  2.49961950E-03
  1.13999951E+00 -4.47133668E-02  7.07257986E-02  5.00213879E-04  1.99928507E-03  2.49949889E-03
  1.15999949E+00 -4.32094261E-02  7.95180798E-02  6.32312556E-04  1.86705450E-03  2.49936711E-03
  1.17999947E+00 -4.15326469E-02  8.79922882E-02  7.74264277E-04  1.72496075E-03  2.49922508E-03
  1.19999945E+00 -3.96897346E-02  9.61145237E-02  9.23800224E-04  1.57527498E-03  2.49907514E-03
  1.21999943E+00 -3.76880653E-02  1.03852302E-01  1.07853010E-03  1.42039021E-03  2.49892031E-03
  1.23999941E+00 -3.55356410E-02  1.11174673E-01  1.23598089E-03  1.26278179E-03  2.49876268E-03
  1.25999939E+00 -3.32410783E-02  1.18052341E-01  1.39363552E-03  1.10496930E-03  2.49860482E-03
  1.27999938E+00 -3.08135506E-02  1.24457806E-01  1.54897466E-03  9.49474925E-04  2.49844952E-03
  1.29999936E+00 -2.82627679E-02  1.30365431E-01  1.69951457E-03  7.98784080E-04  2.49829865E-03
  1.31999934E+00 -2.55989339E-02  1.35751605E-01  1.84284989E-03  6.55305397E-04  2.49815523E-03
  1.33999932E+00 -2.28327028E-02  1.40594766E-01  1.97668886E-03  5.21332317E-04  2.49802112E-03
  1.35999930E+00 -1.99751426E-02  1.44875556E-01  2.09889258E-03  3.99006327E-04  2.49789888E-03
  1.37999928E+00 -1.70376822E-02  1.48576841E-01  2.20750785E-03  2.90282624E-04  2.49779038E-03
  1.39999926E+00 -1.40320705E-02  1.51683822E-01  2.30079819E-03  1.96898996E-04  2.49769725E-03
  1.41999924E+00 -1.09703299E-02  1.54184058E-01  2.37727235E-03  1.20348137E-04  2.49762041E-03
  1.43999922E+00 -7.86470808E-03  1.56067565E-01  2.43570842E-03  6.18536360E-05  2.49756197E-03
  1.45999920E+00 -4.72762762E-03  1.57326803E-01  2.47517228E-03  2.23504630E-05  2.49752286E-03
  1.47999918E+00 -1.57163641E-03  1.57956734E-01  2.49503297E-03  2.47004095E-06  2.49750307E-03
  1.49999917E+00  1.59064156E-03  1.57954827E-01  2.49497290E-03  2.53014059E-06  2.49750307E-03
  1.51999915E+00  4.74655675E-03  1.57321110E-01  2.47499323E-03  2.25298008E-05  2.49752309E-03
  1.53999913E+00  7.88348634E-03  1.56058103E-01  2.43541319E-03  6.21493600E-05  2.49756244E-03
  1.55999911E+00  1.09888809E-02  1.54170871E-01  2.37686583E-03  1.20755503E-04  2.49762135E-03
  1.57999909E+00  1.40503207E-02  1.51666954E-01  2.30028643E-03  1.97411515E-04  2.49769795E-03
  1.59999907E+00  1.70555599E-02  1.48556367E-01  2.20689946E-03  2.90892116E-04  2.49779155E-03
  1.61999905E+00  1.99925769E-02  1.44851550E-01  2.09819712E-03  3.99703131E-04  2.49790028E-03
  1.63999903E+00  2.28496231E-02  1.40567333E-01  1.97591749E-03  5.22105256E-04  2.49802275E-03
  1.65999901E+00  2.56152693E-02  1.35720849E-01  1.84201484E-03  6.56142016E-04  2.49815686E-03
  1.67999899E+00  2.82784551E-02  1.30331472E-01  1.69862923E-03  7.99671048E-04  2.49830028E-03
  1.69999897E+00  3.08285281E-02  1.24420777E-01  1.54805300E-03  9.50398156E-04  2.49845115E-03
  1.71999896E+00  3.32552865E-02  1.18012398E-01  1.39269268E-03  1.10591413E-03  2.49860669E-03
  1.73999894E+00  3.55490223E-02  1.11131966E-01  1.23503141E-03  1.26373302E-03  2.49876454E-03
  1.75999892E+00  3.77005637E-02  1.03807010E-01  1.07758946E-03  1.42133248E-03  2.49892194E-03
  1.77999890E+00  3.97013053E-02  9.60668251E-02  9.22883512E-04  1.57619361E-03  2.49907700E-03
  1.79999888E+00  4.15432416E-02  8.79423693E-02  7.73386040E-04  1.72584096E-03  2.49922695E-03
  1.81999886E+00  4.32190038E-02  7.94661418E-02  6.31486764E-04  1.86788233E-03  2.49936897E-03
  1.83999884E+00  4.47218902E-02  7.06720501E-02  4.99453861E-04  2.00004736E-03  2.49950122E-03
  1.85999882E+00  4.60458882E-02  6.15952723E-02  3.79397767E-04  2.12022383E-03  2.49962159E-03
  1.87999880E+00  4.71857004E-02  5.22721149E-02  2.73237412E-04  2.22649029E-03  2.49972777E-03
  1.89999878E+00  4.81367707E-02  4.27398682E-02  1.82669639E-04  2.31714873E-03  2.49981834E-03
  1.91999876E+00  4.88952957E-02  3.30366604E-02  1.09142093E-04  2.39074999E-03  2.49989214E-03
  1.93999875E+00  4.94582392E-02  2.32013073E-02  5.38300665E-05  2.44611735E-03  2.49994732E-03
  1.95999873E+00  4.98233475E-02  1.32731488E-02  1.76176472E-05  2.48236605E-03  2.49998365E-03
  1.97999871E+00  4.99891639E-02  3.29189841E-03  1.08365953E-06  2.49891658E-03  2.50000018E-03
  1.99999869E+00  4.99550216E-02 -6.70251995E-03  4.49237768E-06  2.49550422E-03  2.49999668E-03
  2.01999879E+00  4.97210622E-02 -1.66701283E-02  2.77893178E-05  2.47218413E-03  2.49997340E-03
  2.03999877E+00  4.92882170E-02 -2.65710559E-02  7.06021019E-05  2.42932839E-03  2.49993056E-03
  2.05999875E+00  4.86582220E-02 -3.63656990E-02  1.32246409E-04  2.36762245E-03  2.49986886E-03
  2.07999873E+00  4.78335917E-02 -4.60148789E-02  2.11736915E-04  2.28805258E-03  2.49978947E-03
  2.09999871E+00  4.68176305E-02 -5.54799996E-02  3.07803042E-04  2.19189050E-03  2.49969354E-03
  2.11999869E+00  4.56143953E-02 -6.47232011E-02  4.18909272E-04  2.08067312E-03  2.49958248E-03
  2.13999867E+00  4.42287028E-02 -7.37075135E-02  5.43279748E-04  1.95617811E-03  2.49945791E-03
  2.15999866E+00  4.26660962E-02 -8.23969916E-02  6.78926415E-04  1.82039582E-03  2.49932217E-03
  2.17999864E+00  4.09328267E-02 -9.07568857E-02  8.23681243E-04  1.67549634E-03  2.49917759E-03
  2.19999862E+00  3.90358232E-02 -9.87537503E-02  9.75230359E-04  1.52379554E-03  2.49902578E-03
  2.21999860E+00  3.69826779E-02 -1.06355600E-01  1.13115134E-03  1.36771845E-03  2.49886978E-03
  2.23999858E+00  3.47816013E-02 -1.13532029E-01  1.28895219E-03  1.20975974E-03  2.49871192E-03
  2.25999856E+00  3.24414000E-02 -1.20254330E-01  1.44611043E-03  1.05244445E-03  2.49855500E-03
  2.27999854E+00  2.99714301E-02 -1.26495615E-01  1.60011405E-03  8.98286642E-04  2.49840063E-03
  2.29999852E+00  2.73815747E-02 -1.32230908E-01  1.74850132E-03  7.49750645E-04  2.49825185E-03
  2.31999850E+00  2.46821921E-02 -1.37437284E-01  1.88890065E-03  6.09210634E-04  2.49811122E-03
  2.33999848E+00  2.18840819E-02 -1.42093912E-01  2.01906799E-03  4.78913047E-04  2.49798107E-03
  2.35999846E+00  1.89984348E-02 -1.46182165E-01  2.13692244E-03  3.60940525E-04  2.49786302E-03
  2.37999845E+00  1.60367955E-02 -1.49685681E-01  2.24058027E-03  2.57178821E-04  2.49775918E-03
  2.39999843E+00  1.30110076E-02 -1.52590454E-01  2.32838467E-03  1.69286315E-04  2.49767094E-03
  2.41999841E+00  9.93317645E-03 -1.54884875E-01  2.39893235E-03  9.86679952E-05  2.49760039E-03
  2.43999839E+00  6.81561278E-03 -1.56559750E-01  2.45109550E-03  4.64525765E-05  2.49754800E-03
  2.45999837E+00  3.67078651E-03 -1.57608390E-01  2.48404057E-03  1.34746733E-05  2.49751518E-03
  2.47999835E+00  5.11277292E-04 -1.58026591E-01  2.49724044E-03  2.61404466E-07  2.49750190E-03
  2.49999833E+00 -2.65027699E-03 -1.57812685E-01  2.49048439E-03  7.02396801E-06  2.49750842E-03
  2.51999831E+00 -5.80123020E-03 -1.56967536E-01  2.46388069E-03  3.36542726E-05  2.49753497E-03
  2.53999829E+00 -8.92897882E-03 -1.55494511E-01  2.41785427E-03  7.97266621E-05  2.49758083E-03
  2.55999827E+00 -1.20210107E-02 -1.53399512E-01  2.35314108E-03  1.44504695E-04  2.49764579E-03
  2.57999825E+00 -1.50649585E-02 -1.50690913E-01  2.27077515E-03  2.26952980E-04  2.49772822E-03
  2.59999824E+00 -1.80486459E-02 -1.47379547E-01  2.17207312E-03  3.25753615E-04  2.49782670E-03
  2.61999822E+00 -2.09601391E-02 -1.43478662E-01  2.05861265E-03  4.39327443E-04  2.49794009E-03
  2.63999820E+00 -2.37877909E-02 -1.39003873E-01  1.93220773E-03  5.65859023E-04  2.49806675E-03
  2.65999818E+00 -2.65202932E-02 -1.33973062E-01  1.79487828E-03  7.03325961E-04  2.49820435E-03
  2.67999816E+00 -2.91467141E-02 -1.28406361E-01  1.64881931E-03  8.49530974E-04  2.49835034E-03
  2.69999814E+00 -3.16565484E-02 -1.22326031E-01  1.49636576E-03  1.00213708E-03  2.49850284E-03
  2.71999812E+00 -3.40397581E-02 -1.15756400E-01  1.33995444E-03  1.15870510E-03  2.49865954E-03
  2.73999810E+00 -3.62868048E-02 -1.08723745E-01  1.18208525E-03  1.31673226E-03  2.49881763E-03
  2.75999808E+00 -3.83887067E-02 -1.01256192E-01  1.02528173E-03  1.47369283E-03  2.49897456E-03
  2.77999806E+00 -4.03370522E-02 -9.33836177E-02  8.72050063E-04  1.62707781E-03  2.49912776E-03
  2.79999804E+00 -4.21240479E-02 -8.51375088E-02  7.24839570E-04  1.77443540E-03  2.49927491E-03
  2.81999803E+00 -4.37425487E-02 -7.65508488E-02  5.86003240E-04  1.91341061E-03  2.49941391E-03
  2.83999801E+00 -4.51860800E-02 -6.76579848E-02  4.57760267E-04  2.04178179E-03  2.49954197E-03
  2.85999799E+00 -4.64488678E-02 -5.84944896E-02  3.42160551E-04  2.15749722E-03  2.49965768E-03
  2.87999797E+00 -4.75258604E-02 -4.90970165E-02  2.41051705E-04  2.25870730E-03  2.49975896E-03
  2.89999795E+00 -4.84127514E-02 -3.95031571E-02  1.56049951E-04  2.34379456E-03  2.49984441E-03
  2.91999793E+00 -4.91059907E-02 -2.97512822E-02  8.85138797E-05  2.41139834E-03  2.49991217E-03
  2.93999791E+00 -4.96028028E-02 -1.98804028E-02  3.95230418E-05  2.46043806E-03  2.49996106E-03
  2.95999789E+00 -4.99012060E-02 -9.93000250E-03  9.86049508E-06  2.49013025E-03  2.49999086E-03
  2.97999787E+00 -5.00000007E-02  6.01178035E-05  3.61415037E-10  2.50000018E-03  2.50000064E-03
  2.99999785E+00 -4.98987958E-02  1.00499969E-02  1.01002433E-05  2.48988974E-03  2.49998993E-03
  3.01999784E+00 -4.95979972E-02  1.99996755E-02  3.99987002E-05  2.45996122E-03  2.49995990E-03
  3.03999782E+00 -4.90988083E-02  2.98693553E-02  8.92178432E-05  2.41069309E-03  2.49991100E-03
  3.05999780E+00 -4.84032221E-02  3.96195576E-02  1.56970942E-04  2.34287186E-03  2.49984278E-03
  3.07999778E+00 -4.75140251E-02  4.92112823E-02  2.42175025E-04  2.25758250E-03  2.49975757E-03
  3.09999776E+00 -4.64347713E-02  5.86061627E-02  3.43468244E-04  2.15618801E-03  2.49965629E-03
  3.11999774E+00 -4.51697819E-02  6.77666217E-02  4.59231494E-04  2.04030913E-03  2.49954057E-03
  3.13999772E+00 -4.37241122E-02  7.66560137E-02  5.87614428E-04  1.91179803E-03  2.49941251E-03
  3.15999770E+00 -4.21035439E-02  8.52387771E-02  7.26564962E-04  1.77270838E-03  2.49927328E-03
  3.17999768E+00 -4.03145626E-02  9.34805870E-02  8.73862009E-04  1.62526395E-03  2.49912590E-03
  3.19999766E+00 -3.83643210E-02  1.01348475E-01  1.02715136E-03  1.47182110E-03  2.49897246E-03
  3.21999764E+00 -3.62606235E-02  1.08810969E-01  1.18398271E-03  1.31483283E-03  2.49881553E-03
  3.23999763E+00 -3.40118855E-02  1.15838222E-01  1.34184945E-03  1.15680834E-03  2.49865791E-03
  3.25999761E+00 -3.16270962E-02  1.22402117E-01  1.49822782E-03  1.00027327E-03  2.49850098E-03
  3.27999759E+00 -2.91157998E-02  1.28476411E-01  1.65061874E-03  8.47729796E-04  2.49834848E-03
  3.29999757E+00 -2.64880396E-02  1.34036794E-01  1.79658632E-03  7.01616227E-04  2.49820249E-03
  3.31999755E+00 -2.37543285E-02  1.39061034E-01  1.93379715E-03  5.64268150E-04  2.49806535E-03
  3.33999753E+00 -2.09256001E-02  1.43529028E-01  2.06005829E-03  4.37880750E-04  2.49793893E-03
  3.35999751E+00 -1.80131681E-02  1.47422910E-01  2.17335159E-03  3.24474240E-04  2.49782577E-03
  3.37999749E+00 -1.50286835E-02  1.50727093E-01  2.27186573E-03  2.25861324E-04  2.49772705E-03
  3.39999747E+00 -1.19840838E-02  1.53428376E-01  2.35402654E-03  1.43618265E-04  2.49764486E-03
  3.41999745E+00 -8.89154803E-03  1.55515939E-01  2.41852063E-03  7.90596241E-05  2.49758037E-03
  3.43999743E+00 -5.76344645E-03  1.56981438E-01  2.46431725E-03  3.32173149E-05  2.49753450E-03
  3.45999742E+00 -2.61229067E-03  1.57819018E-01  2.49068416E-03  6.82406244E-06  2.49750819E-03
  3.47999740E+00  5.49314194E-04  1.58025309E-01  2.49719992E-03  3.01746098E-07  2.49750167E-03
  3.49999738E+00  3.70872137E-03  1.57599509E-01  2.48376071E-03  1.37546140E-05  2.49751541E-03
  3.51999736E+00  6.85329409E-03  1.56543314E-01  2.45058094E-03  4.69676415E-05  2.49754847E-03
  3.53999734E+00  9.97045357E-03  1.54860944E-01  2.39819125E-03  9.94099464E-05  2.49760109E-03
  3.55999732E+00  1.30477315E-02  1.52559131E-01  2.32742890E-03  1.70243293E-04  2.49767210E-03
  3.57999730E+00  1.60728190E-02  1.49647072E-01  2.23942450E-03  2.58335524E-04  2.49776011E-03
  3.59999728E+00  1.90336145E-02  1.46136433E-01  2.13558576E-03  3.62278486E-04  2.49786419E-03
  3.61999726E+00  2.19182763E-02  1.42041251E-01  2.01757182E-03  4.80410847E-04  2.49798270E-03
  3.63999724E+00  2.47152634E-02  1.37377903E-01  1.88726874E-03  6.10844232E-04  2.49811308E-03
  3.65999722E+00  2.74133906E-02  1.32165045E-01  1.74675998E-03  7.51493964E-04  2.49825395E-03
  3.67999721E+00  3.00018638E-02  1.26423523E-01  1.59829075E-03  9.00111860E-04  2.49840273E-03
  3.69999719E+00  3.24703306E-02  1.20176300E-01  1.44423440E-03  1.05432235E-03  2.49855686E-03
  3.71999717E+00  3.48089188E-02  1.13448374E-01  1.28705334E-03  1.21166080E-03  2.49871425E-03
  3.73999715E+00  3.70082669E-02  1.06266655E-01  1.12926017E-03  1.36961183E-03  2.49887211E-03
  3.75999713E+00  3.90595831E-02  9.86598730E-02  9.73377086E-04  1.52565108E-03  2.49902811E-03
  3.77999711E+00  4.09546606E-02  9.06584486E-02  8.21895432E-04  1.67728425E-03  2.49917968E-03
  3.79999709E+00  4.26859222E-02  8.22943896E-02  6.77236647E-04  1.82208791E-03  2.49932450E-03
  3.81999707E+00  4.42464389E-02  7.36011565E-02  5.41713031E-04  1.95774739E-03  2.49946048E-03
  3.83999705E+00  4.56299670E-02  6.46135136E-02  4.17490635E-04  2.08209385E-03  2.49958457E-03
  3.85999703E+00  4.68309782E-02  5.53674176E-02  3.06555099E-04  2.19314056E-03  2.49969563E-03
  3.87999701E+00  4.78446670E-02  4.58998531E-02  2.10679646E-04  2.28911219E-03  2.49979179E-03
  3.89999700E+00  4.86669764E-02  3.62486877E-02  1.31396737E-04  2.36847461E-03  2.49987142E-03
  3.91999698E+00  4.92946170E-02  2.64525283E-02  6.99736265E-05  2.42995936E-03  2.49993289E-03
  3.93999696E+00  4.97250780E-02  1.65505596E-02  2.73921032E-05  2.47258344E-03  2.49997550E-03
  3.95999694E+00  4.99566384E-02  6.58238772E-03  4.33278319E-06  2.49566580E-03  2.49999855E-03
  3.97999692E+00  4.99883741E-02 -3.41211259E-03  1.16425133E-06  2.49883765E-03  2.50000181E-03
  3.99999690E+00  4.98201549E-02 -1.33929653E-02  1.79371527E-05  2.48204777E-03  2.49998481E-03
  4.01999712E+00  4.94526550E-02 -2.33202465E-02  5.43833885E-05  2.44556507E-03  2.49994849E-03
  4.03999710E+00  4.88873422E-02 -3.31542455E-02  1.09920395E-04  2.38997233E-03  2.49989284E-03
  4.05999708E+00  4.81264815E-02 -4.28556278E-02  1.83660479E-04  2.31615826E-03  2.49981880E-03
  4.07999706E+00  4.71731164E-02 -5.23855872E-02  2.74424994E-04  2.22530286E-03  2.49972777E-03
  4.09999704E+00  4.60310578E-02 -6.17060065E-02  3.80763144E-04  2.11885828E-03  2.49962136E-03
  4.11999702E+00  4.47048731E-02 -7.07795992E-02  5.00975177E-04  1.99852558E-03  2.49950076E-03
  4.13999701E+00  4.31998707E-02 -7.95700699E-02  6.33139571E-04  1.86622888E-03  2.49936851E-03
  4.15999699E+00  4.15220670E-02 -8.80422592E-02  7.75143912E-04  1.72408205E-03  2.49922602E-03
  4.17999697E+00  3.96781787E-02 -9.61622819E-02  9.24718508E-04  1.57435786E-03  2.49907630E-03
  4.19999695E+00  3.76755781E-02 -1.03897661E-01  1.07947248E-03  1.41944923E-03  2.49892171E-03
  4.21999693E+00  3.55222747E-02 -1.11217447E-01  1.23693212E-03  1.26183196E-03  2.49876408E-03
  4.23999691E+00  3.32268812E-02 -1.18092358E-01  1.39458047E-03  1.10402564E-03  2.49860622E-03
  4.25999689E+00  3.07985805E-02 -1.24494903E-01  1.54989806E-03  9.48552566E-04  2.49845069E-03
  4.27999687E+00  2.82470845E-02 -1.30399466E-01  1.70040212E-03  7.97897752E-04  2.49829981E-03
  4.29999685E+00  2.55826004E-02 -1.35782436E-01  1.84368703E-03  6.54469419E-04  2.49815639E-03
  4.31999683E+00  2.28157863E-02 -1.40622273E-01  1.97746232E-03  5.20560076E-04  2.49802228E-03
  4.33999681E+00  1.99577101E-02 -1.44899622E-01  2.09959014E-03  3.98310192E-04  2.49790028E-03
  4.35999680E+00  1.70198027E-02 -1.48597375E-01  2.20811809E-03  2.89673684E-04  2.49779178E-03
  4.37999678E+00  1.40138157E-02 -1.51700735E-01  2.30131135E-03  1.96387031E-04  2.49769841E-03
  4.39999676E+00  1.09517742E-02 -1.54197291E-01  2.37768050E-03  1.19941360E-04  2.49762181E-03
  4.41999674E+00  7.84592424E-03 -1.56077057E-01  2.43600481E-03  6.15585304E-05  2.49756337E-03
  4.43999672E+00  4.70869150E-03 -1.57332525E-01  2.47535249E-03  2.21717764E-05  2.49752426E-03
  4.45999670E+00  1.55262358E-03 -1.57958657E-01  2.49509374E-03  2.41064004E-06  2.49750447E-03
  4.47999668E+00 -1.60965475E-03 -1.57952949E-01  2.49491329E-03  2.59098852E-06  2.49750423E-03
  4.49999666E+00 -4.76549473E-03 -1.57315433E-01  2.47481442E-03  2.27099408E-05  2.49752426E-03
  4.51999664E+00 -7.90227205E-03 -1.56048656E-01  2.43511843E-03  6.24459062E-05  2.49756430E-03
  4.53999662E+00 -1.10074403E-02 -1.54157683E-01  2.37645931E-03  1.21163743E-04  2.49762298E-03
  4.55999660E+00 -1.40685793E-02 -1.51650086E-01  2.29977490E-03  1.97924921E-04  2.49769981E-03
  4.57999659E+00 -1.70734432E-02 -1.48535877E-01  2.20629084E-03  2.91502452E-04  2.49779318E-03
  4.59999657E+00 -2.00100150E-02 -1.44827530E-01  2.09750142E-03  4.00400691E-04  2.49790214E-03
  4.61999655E+00 -2.28665452E-02 -1.40539870E-01  1.97514566E-03  5.22878894E-04  2.49802461E-03
  4.63999653E+00 -2.56316084E-02 -1.35690048E-01  1.84117898E-03  6.56979333E-04  2.49815825E-03
  4.65999651E+00 -2.82941461E-02 -1.30297467E-01  1.69774296E-03  8.00558715E-04  2.49830168E-03
  4.67999649E+00 -3.08435056E-02 -1.24383703E-01  1.54713064E-03  9.51321854E-04  2.49845255E-03
  4.69999647E+00 -3.32694910E-02 -1.17972404E-01  1.39174878E-03  1.10685907E-03  2.49860785E-03
  4.71999645E+00 -3.55623998E-02 -1.11089215E-01  1.23408146E-03  1.26468425E-03  2.49876571E-03
  4.73999643E+00 -3.77130620E-02 -1.03761666E-01  1.07664836E-03  1.42227509E-03  2.49892334E-03
  4.75999641E+00 -3.97128686E-02 -9.60190743E-02  9.21966217E-04  1.57711189E-03  2.49907817E-03
  4.77999640E+00 -4.15538214E-02 -8.78924057E-02  7.72507512E-04  1.72672002E-03  2.49922741E-03
  4.79999638E+00 -4.32285629E-02 -7.94141665E-02  6.30661030E-04  1.86870864E-03  2.49936967E-03
  4.81999636E+00 -4.47303914E-02 -7.06182718E-02  4.98694077E-04  2.00080802E-03  2.49950215E-03
  4.83999634E+00 -4.60532978E-02 -6.15399033E-02  3.78715980E-04  2.12090625E-03  2.49962229E-03
  4.85999632E+00 -4.71919887E-02 -5.22153750E-02  2.72644538E-04  2.22708378E-03  2.49972823E-03
  4.87999630E+00 -4.81419116E-02 -4.26819846E-02  1.82175179E-04  2.31764372E-03  2.49981880E-03
  4.89999628E+00 -4.88992669E-02 -3.29778679E-02  1.08753971E-04  2.39113835E-03  2.49989238E-03
  4.91999626E+00 -4.94610257E-02 -2.31418386E-02  5.35544714E-05  2.44639302E-03  2.49994756E-03
  4.93999624E+00 -4.98249419E-02 -1.32132424E-02  1.74589786E-05  2.48252484E-03  2.49998388E-03
  4.95999622E+00 -4.99895550E-02 -3.23179271E-03  1.04444848E-06  2.49895570E-03  2.50000018E-03
  4.97999620E+00 -4.99542132E-02  6.76258374E-03  4.57325405E-06  2.49542342E-03  2.49999668E-03
  4.99999619E+00 -4.97190543E-02  1.67299099E-02  2.79889882E-05  2.47198436E-03  2.49997340E-03
  5.01999617E+00 -4.92850170E-02  2.66303159E-02  7.09173764E-05  2.42901291E-03  2.49993033E-03
  5.03999615E+00 -4.86538410E-02  3.64242010E-02  1.32672241E-04  2.36719614E-03  2.49986839E-03
  5.05999613E+00 -4.78280485E-02  4.60723899E-02  2.12266503E-04  2.28752219E-03  2.49978877E-03
  5.07999611E+00 -4.68109474E-02  5.55362888E-02  3.08427931E-04  2.19126488E-03  2.49969284E-03
  5.09999609E+00 -4.56066020E-02  6.47780448E-02  4.19619493E-04  2.07996205E-03  2.49958155E-03
  5.11999607E+00 -4.42198291E-02  7.37606883E-02  5.44063922E-04  1.95539324E-03  2.49945722E-03
  5.13999605E+00 -4.26561758E-02  8.24482888E-02  6.79772056E-04  1.81954936E-03  2.49932148E-03
  5.15999603E+00 -4.09218967E-02  9.08060968E-02  8.24574789E-04  1.67460158E-03  2.49917642E-03
  5.17999601E+00 -3.90239283E-02  9.88006815E-02  9.76157491E-04  1.52286701E-03  2.49902438E-03
  5.19999599E+00 -3.69698666E-02  1.06400058E-01  1.13209721E-03  1.36677106E-03  2.49886839E-03
  5.21999598E+00 -3.47679257E-02  1.13573834E-01  1.28990167E-03  1.20880862E-03  2.49871030E-03
  5.23999596E+00 -3.24269123E-02  1.20293319E-01  1.44704827E-03  1.05150463E-03  2.49855290E-03
  5.25999594E+00 -2.99561918E-02  1.26531631E-01  1.60102535E-03  8.97373422E-04  2.49839877E-03
  5.27999592E+00 -2.73656473E-02  1.32263809E-01  1.74937153E-03  7.48878636E-04  2.49825022E-03
  5.29999590E+00 -2.46656388E-02  1.37466937E-01  1.88971590E-03  6.08393748E-04  2.49810959E-03
  5.31999588E+00 -2.18669679E-02  1.42120197E-01  2.01981491E-03  4.78164293E-04  2.49797921E-03
  5.33999586E+00 -1.89808309E-02  1.46204978E-01  2.13758973E-03  3.60271952E-04  2.49786163E-03
  5.35999584E+00 -1.60187688E-02  1.49704933E-01  2.24115676E-03  2.56600964E-04  2.49775779E-03
  5.37999582E+00 -1.29926326E-02  1.52606070E-01  2.32886127E-03  1.68808503E-04  2.49766978E-03
  5.39999580E+00 -9.91452672E-03  1.54896781E-01  2.39930139E-03  9.82978381E-05  2.49759923E-03
  5.41999578E+00 -6.79676188E-03  1.56567916E-01  2.45135138E-03  4.61959717E-05  2.49754731E-03
  5.43999577E+00 -3.65181011E-03  1.57612771E-01  2.48417864E-03  1.33357171E-05  2.49751424E-03
  5.45999575E+00 -4.92251071E-04  1.58027172E-01  2.49725883E-03  2.42311103E-07  2.49750121E-03
  5.47999573E+00  2.66927667E-03  1.57809466E-01  2.49038287E-03  7.12503788E-06  2.49750796E-03
  5.49999571E+00  5.82012767E-03  1.56960532E-01  2.46366090E-03  3.38738864E-05  2.49753473E-03
  5.51999569E+00  8.94769747E-03  1.55483752E-01  2.41751969E-03  8.00612906E-05  2.49758107E-03
  5.53999567E+00  1.20394770E-02  1.53385028E-01  2.35269661E-03  1.44949008E-04  2.49764556E-03
  5.55999565E+00  1.50830979E-02  1.50672764E-01  2.27022823E-03  2.27499841E-04  2.49772798E-03
  5.57999563E+00  1.80663876E-02  1.47357821E-01  2.17143283E-03  3.26394365E-04  2.49782717E-03
  5.59999561E+00  2.09774096E-02  1.43453449E-01  2.05788924E-03  4.40051721E-04  2.49794102E-03
  5.61999559E+00  2.38045249E-02  1.38975263E-01  1.93141238E-03  5.66655421E-04  2.49806792E-03
  5.63999557E+00  2.65364200E-02  1.33941174E-01  1.79402379E-03  7.04181613E-04  2.49820529E-03
  5.65999556E+00  2.91621704E-02  1.28371313E-01  1.64791942E-03  8.50432203E-04  2.49835150E-03
  5.67999554E+00  3.16712745E-02  1.22287966E-01  1.49543479E-03  1.00306957E-03  2.49850424E-03
  5.69999552E+00  3.40536945E-02  1.15715466E-01  1.33900694E-03  1.15965412E-03  2.49866117E-03
  5.71999550E+00  3.62998992E-02  1.08680107E-01  1.18113658E-03  1.31768268E-03  2.49881926E-03
  5.73999548E+00  3.84009033E-02  1.01210028E-01  1.02434703E-03  1.47462939E-03  2.49897642E-03
  5.75999546E+00  4.03483026E-02  9.33351070E-02  8.71144235E-04  1.62798550E-03  2.49912962E-03
  5.77999544E+00  4.21343073E-02  8.50868449E-02  7.23977108E-04  1.77529990E-03  2.49927700E-03
  5.79999542E+00  4.37517725E-02  7.64982402E-02  5.85198111E-04  1.91421760E-03  2.49941577E-03
  5.81999540E+00  4.51942347E-02  6.76036403E-02  4.57025220E-04  2.04251893E-03  2.49954406E-03
  5.83999538E+00  4.64559197E-02  5.84386252E-02  3.41507286E-04  2.15815241E-03  2.49965978E-03
  5.85999537E+00  4.75317799E-02  4.90398556E-02  2.40490757E-04  2.25927006E-03  2.49976083E-03
  5.87999535E+00  4.84175161E-02  3.94449271E-02  1.55590227E-04  2.34425580E-03  2.49984604E-03
  5.89999533E+00  4.91095781E-02  2.96922177E-02  8.81627784E-05  2.41175061E-03  2.49991333E-03
  5.91999531E+00  4.96052019E-02  1.98207386E-02  3.92861657E-05  2.46067601E-03  2.49996223E-03
  5.93999529E+00  4.99024056E-02  9.86997783E-03  9.74164686E-06  2.49025016E-03  2.49999180E-03
  5.95999527E+00  5.00000007E-02 -1.20262615E-04  1.44630963E-09  2.50000018E-03  2.50000157E-03
  5.97999525E+00  4.98975925E-02 -1.01100216E-02  1.02212534E-05  2.48976983E-03  2.49999110E-03
  5.99999523E+00  4.95955944E-02 -2.00593397E-02  4.02377118E-05  2.45972304E-03  2.49996083E-03
  6.01999521E+00  4.90952171E-02 -2.99284197E-02  8.95710327E-05  2.41034036E-03  2.49991147E-03
  6.03999519E+00  4.83984575E-02 -3.96777876E-02  1.57432674E-04  2.34241062E-03  2.49984325E-03
  6.05999517E+00  4.75081056E-02 -4.92684431E-02  2.42737966E-04  2.25702021E-03  2.49975827E-03
  6.07999516E+00  4.64277193E-02 -5.86620271E-02  3.44123342E-04  2.15553306E-03  2.49965629E-03
  6.09999514E+00  4.51616235E-02 -6.78209588E-02  4.59968258E-04  2.03957222E-03  2.49954057E-03
  6.11999512E+00  4.37148809E-02 -7.67086074E-02  5.88421070E-04  1.91099080E-03  2.49941181E-03
  6.13999510E+00  4.20932807E-02 -8.52894261E-02  7.27428647E-04  1.77184423E-03  2.49927281E-03
  6.15999508E+00  4.03033048E-02 -9.35290828E-02  8.74768943E-04  1.62435637E-03  2.49912543E-03
  6.17999506E+00  3.83521169E-02 -1.01394624E-01  1.02808699E-03  1.47088489E-03  2.49897176E-03
  6.19999504E+00  3.62475216E-02 -1.08854584E-01  1.18493207E-03  1.31388288E-03  2.49881484E-03
  6.21999502E+00  3.39979343E-02 -1.15879133E-01  1.34279742E-03  1.15585956E-03  2.49865698E-03
  6.23999500E+00  3.16123553E-02 -1.22440159E-01  1.49915926E-03  9.99341020E-04  2.49850028E-03
  6.25999498E+00  2.91003268E-02 -1.28511429E-01  1.65151886E-03  8.46829033E-04  2.49834778E-03
  6.27999496E+00  2.64718980E-02 -1.34068653E-01  1.79744046E-03  7.00761389E-04  2.49820179E-03
  6.29999495E+00  2.37375814E-02 -1.39089599E-01  1.93459168E-03  5.63472800E-04  2.49806442E-03
  6.31999493E+00  2.09083147E-02 -1.43554181E-01  2.06078030E-03  4.37157636E-04  2.49793800E-03
  6.33999491E+00  1.79954153E-02 -1.47444561E-01  2.17398978E-03  3.23834975E-04  2.49782484E-03
  6.35999489E+00  1.50105329E-02 -1.50745153E-01  2.27241009E-03  2.25316093E-04  2.49772612E-03
  6.37999487E+00  1.19656092E-02 -1.53442770E-01  2.35446845E-03  1.43175799E-04  2.49764416E-03
  6.39999485E+00  8.87282286E-03 -1.55526608E-01  2.41885264E-03  7.87269819E-05  2.49757967E-03
  6.41999483E+00  5.74454525E-03 -1.56988353E-01  2.46453448E-03  3.29998002E-05  2.49753427E-03
  6.43999481E+00  2.59328936E-03 -1.57822132E-01  2.49078264E-03  6.72514989E-06  2.49750772E-03
  6.45999479E+00 -5.68339892E-04 -1.58024624E-01  2.49717827E-03  3.23010227E-07  2.49750121E-03
  6.47999477E+00 -3.72769567E-03 -1.57595024E-01  2.48361914E-03  1.38957148E-05  2.49751494E-03
  6.49999475E+00 -6.87214080E-03 -1.56535044E-01  2.45032203E-03  4.72263200E-05  2.49754824E-03
  6.51999474E+00 -9.98909771E-03 -1.54848918E-01  2.39781872E-03  9.97820753E-05  2.49760086E-03
  6.53999472E+00 -1.30660981E-02 -1.52543396E-01  2.32694880E-03  1.70722924E-04  2.49767164E-03
  6.55999470E+00 -1.60908327E-02 -1.49627700E-01  2.23884499E-03  2.58914893E-04  2.49775988E-03
  6.57999468E+00 -1.90512054E-02 -1.46113500E-01  2.13491544E-03  3.62948427E-04  2.49786396E-03
  6.59999466E+00 -2.19353735E-02 -1.42014846E-01  2.01682164E-03  4.81160620E-04  2.49798223E-03
  6.61999464E+00 -2.47318000E-02 -1.37348130E-01  1.88645092E-03  6.11661933E-04  2.49811285E-03
  6.63999462E+00 -2.74292976E-02 -1.32132024E-01  1.74588710E-03  7.52366381E-04  2.49825348E-03
  6.65999460E+00 -3.00170798E-02 -1.26387388E-01  1.59737712E-03  9.01025080E-04  2.49840226E-03
  6.67999458E+00 -3.24847959E-02 -1.20137200E-01  1.44329469E-03  1.05526194E-03  2.49855663E-03
  6.69999456E+00 -3.48225720E-02 -1.13406464E-01  1.28610269E-03  1.21261156E-03  2.49871425E-03
  6.71999454E+00 -3.70210558E-02 -1.06222101E-01  1.12831348E-03  1.37055863E-03  2.49887211E-03
  6.73999453E+00 -3.90714556E-02 -9.86128524E-02  9.72449488E-04  1.52657868E-03  2.49902811E-03
  6.75999451E+00 -4.09655720E-02 -9.06091481E-02  8.21001770E-04  1.67817809E-03  2.49917991E-03
  6.77999449E+00 -4.26958241E-02 -8.22430104E-02  6.76391297E-04  1.82293344E-03  2.49932474E-03
  6.79999447E+00 -4.42552939E-02 -7.35478997E-02  5.40929323E-04  1.95853109E-03  2.49946048E-03
  6.81999445E+00 -4.56377417E-02 -6.45585954E-02  4.16781259E-04  2.08280352E-03  2.49958481E-03
  6.83999443E+00 -4.68376353E-02 -5.53110577E-02  3.05931317E-04  2.19376408E-03  2.49969540E-03
  6.85999441E+00 -4.78501804E-02 -4.58422750E-02  2.10151426E-04  2.28963979E-03  2.49979133E-03
  6.87999439E+00 -4.86713275E-02 -3.61901224E-02  1.30972505E-04  2.36889813E-03  2.49987072E-03
  6.89999437E+00 -4.92977872E-02 -2.63932124E-02  6.96601637E-05  2.43027182E-03  2.49993196E-03
  6.91999435E+00 -4.97270525E-02 -1.64907277E-02  2.71944100E-05  2.47277971E-03  2.49997410E-03
  6.93999434E+00 -4.99574132E-02 -6.52228110E-03  4.25401549E-06  2.49574310E-03  2.49999715E-03
  6.95999432E+00 -4.99879420E-02  3.47225368E-03  1.20565460E-06  2.49879435E-03  2.49999994E-03
  6.97999430E+00 -4.98185195E-02  1.34528996E-02  1.80980514E-05  2.48188479E-03  2.49998295E-03
  6.99999428E+00 -4.94498238E-02  2.33797338E-02  5.46611955E-05  2.44528498E-03  2.49994616E-03
  7.01999426E+00 -4.88833301E-02  3.32130492E-02  1.10310670E-04  2.38958001E-03  2.49989075E-03
  7.03999424E+00 -4.81213033E-02  4.29135114E-02  1.84156946E-04  2.31565977E-03  2.49981671E-03
  7.05999422E+00 -4.71667908E-02  5.24423197E-02  2.75019702E-04  2.22470611E-03  2.49972590E-03
  7.07999420E+00 -4.60236110E-02  6.17613606E-02  3.81446560E-04  2.11817282E-03  2.49961950E-03
  7.09999418E+00 -4.46963347E-02  7.08333552E-02  5.01736475E-04  1.99776236E-03  2.49949889E-03
  7.11999416E+00 -4.31902744E-02  7.96220154E-02  6.33966585E-04  1.86539977E-03  2.49936641E-03
  7.13999414E+00 -4.15114537E-02  8.80921856E-02  7.76023313E-04  1.72320078E-03  2.49922415E-03
  7.15999413E+00 -3.96665893E-02  9.62099880E-02  9.25636210E-04  1.57343829E-03  2.49907444E-03
  7.17999411E+00 -3.76630574E-02  1.03942953E-01  1.08041370E-03  1.41850591E-03  2.49891961E-03
  7.19999409E+00 -3.55088748E-02  1.11260146E-01  1.23788207E-03  1.26088015E-03  2.49876222E-03
  7.21999407E+00 -3.32126543E-02  1.18132301E-01  1.39552401E-03  1.10308046E-03  2.49860436E-03
  7.23999405E+00 -3.07835825E-02  1.24531925E-01  1.55082007E-03  9.47628927E-04  2.49844906E-03
  7.25999403E+00 -2.82313768E-02  1.30433425E-01  1.70128793E-03  7.97010609E-04  2.49829842E-03
  7.27999401E+00 -2.55662464E-02  1.35813192E-01  1.84452243E-03  6.53632975E-04  2.49815546E-03
  7.29999399E+00 -2.27988493E-02  1.40649706E-01  1.97823416E-03  5.19787543E-04  2.49802181E-03
  7.31999397E+00 -1.99402571E-02  1.44923612E-01  2.10028538E-03  3.97613854E-04  2.49789935E-03
  7.33999395E+00 -1.70019045E-02  1.48617834E-01  2.20872625E-03  2.89064745E-04  2.49779108E-03
  7.35999393E+00 -1.39955441E-02  1.51717573E-01  2.30182218E-03  1.95875255E-04  2.49769748E-03
  7.37999392E+00 -1.09332018E-02  1.54210448E-01  2.37808633E-03  1.19534903E-04  2.49762135E-03
  7.39999390E+00 -7.82712642E-03  1.56086475E-01  2.43629864E-03  6.12639051E-05  2.49756244E-03
  7.41999388E+00 -4.68974281E-03  1.57338157E-01  2.47552968E-03  2.19936883E-05  2.49752332E-03
  7.43999386E+00 -1.53360039E-03  1.57960489E-01  2.49515171E-03  2.35193011E-06  2.49750353E-03
  7.45999384E+00  1.62867643E-03  1.57950982E-01  2.49485136E-03  2.65258700E-06  2.49750400E-03
  7.47999382E+00  4.78443876E-03  1.57309666E-01  2.47463305E-03  2.28908539E-05  2.49752379E-03
  7.49999380E+00  7.92106241E-03  1.56039119E-01  2.43482064E-03  6.27432310E-05  2.49756384E-03
  7.51999378E+00  1.10260025E-02  1.54144406E-01  2.37604976E-03  1.21572732E-04  2.49762251E-03
  7.53999376E+00  1.40868388E-02  1.51633129E-01  2.29926058E-03  1.98439026E-04  2.49769958E-03
  7.55999374E+00  1.70913264E-02  1.48515314E-01  2.20567989E-03  2.92113429E-04  2.49779341E-03
  7.57999372E+00  2.00274494E-02  1.44803435E-01  2.09680363E-03  4.01098718E-04  2.49790237E-03
  7.59999371E+00  2.28834637E-02  1.40512347E-01  1.97437196E-03  5.23652881E-04  2.49802484E-03
  7.61999369E+00  2.56479438E-02  1.35659203E-01  1.84034207E-03  6.57817000E-04  2.49815919E-03
  7.63999367E+00  2.83098333E-02  1.30263418E-01  1.69685576E-03  8.01446673E-04  2.49830238E-03
  7.65999365E+00  3.08584832E-02  1.24346584E-01  1.54620723E-03  9.52245959E-04  2.49845325E-03
  7.67999363E+00  3.32836993E-02  1.17932364E-01  1.39080430E-03  1.10780459E-03  2.49860901E-03
  7.69999361E+00  3.55757810E-02  1.11046419E-01  1.23313069E-03  1.26563618E-03  2.49876687E-03
  7.71999359E+00  3.77255566E-02  1.03716284E-01  1.07570679E-03  1.42321759E-03  2.49892427E-03
  7.73999357E+00  3.97244319E-02  9.59712863E-02  9.21048806E-04  1.57803053E-03  2.49907933E-03
  7.75999355E+00  4.15644087E-02  8.78424048E-02  7.71628809E-04  1.72760012E-03  2.49922881E-03
  7.77999353E+00  4.32381257E-02  7.93621540E-02  6.29835180E-04  1.86953554E-03  2.49937084E-03
  7.79999352E+00  4.47388925E-02  7.05644488E-02  4.97934117E-04  2.00156844E-03  2.49950262E-03
  7.81999350E+00  4.60607037E-02  6.14844896E-02  3.78034252E-04  2.12158845E-03  2.49962276E-03
  7.83999348E+00  4.71982695E-02  5.21585941E-02  2.72051897E-04  2.22767657E-03  2.49972846E-03
  7.85999346E+00  4.81470451E-02  4.26240638E-02  1.81681084E-04  2.31813802E-03  2.49981903E-03
  7.87999344E+00  4.89032306E-02  3.29190344E-02  1.08366286E-04  2.39152601E-03  2.49989238E-03
  7.89999342E+00  4.94638048E-02  2.30823308E-02  5.32794002E-05  2.44666799E-03  2.49994732E-03
  7.91999340E+00  4.98265214E-02  1.31532988E-02  1.73009266E-05  2.48268223E-03  2.49998318E-03
  7.93999338E+00  4.99899350E-02  3.17165349E-03  1.00593866E-06  2.49899365E-03  2.49999948E-03
  7.95999336E+00  4.99533899E-02 -6.82267919E-03  4.65489529E-06  2.49534124E-03  2.49999622E-03
  7.97999334E+00  4.97170277E-02 -1.67897195E-02  2.81894663E-05  2.47178273E-03  2.49997224E-03
  7.99999332E+00  4.92817983E-02 -2.66896021E-02  7.12334877E-05  2.42869556E-03  2.49992916E-03
  8.01999378E+00  4.86494415E-02 -3.64827253E-02  1.33098933E-04  2.36676820E-03  2.49986723E-03
  8.03999424E+00  4.78224903E-02 -4.61299196E-02  2.12796949E-04  2.28699064E-03  2.49978760E-03
  8.05999470E+00  4.68042456E-02 -5.55925928E-02  3.09053663E-04  2.19063740E-03  2.49969098E-03
  8.07999516E+00  4.55987863E-02 -6.48328960E-02  4.20330412E-04  2.07924936E-03  2.49957968E-03
  8.09999561E+00  4.42109294E-02 -7.38138705E-02  5.44848794E-04  1.95460627E-03  2.49945512E-03
  8.11999607E+00  4.26462293E-02 -8.24995860E-02  6.80618163E-04  1.81870093E-03  2.49931915E-03
  8.13999653E+00  4.09109443E-02 -9.08553004E-02  8.25468567E-04  1.67370541E-03  2.49917386E-03
  8.15999699E+00  3.90120149E-02 -9.88475978E-02  9.77084856E-04  1.52193732E-03  2.49902206E-03
  8.17999744E+00  3.69570404E-02 -1.06444500E-01  1.13304320E-03  1.36582286E-03  2.49886606E-03
  8.19999790E+00  3.47542353E-02 -1.13615625E-01  1.29085104E-03  1.20785693E-03  2.49870797E-03
  8.21999836E+00  3.24124135E-02 -1.20332286E-01  1.44798588E-03  1.05056458E-03  2.49855034E-03
  8.23999882E+00  2.99409423E-02 -1.26567617E-01  1.60193618E-03  8.96460027E-04  2.49839621E-03
  8.25999928E+00  2.73497086E-02 -1.32296681E-01  1.75024127E-03  7.48006569E-04  2.49824789E-03
  8.27999973E+00  2.46490743E-02 -1.37496561E-01  1.89053046E-03  6.07576862E-04  2.49810726E-03
  8.30000019E+00  2.18498446E-02 -1.42146453E-01  2.02056160E-03  4.77415713E-04  2.49797734E-03
  8.32000065E+00  1.89632159E-02 -1.46227762E-01  2.13825586E-03  3.59603553E-04  2.49785930E-03
  8.34000111E+00  1.60007328E-02 -1.49724156E-01  2.24173232E-03  2.56023457E-04  2.49775569E-03
  8.36000156E+00  1.29742483E-02 -1.52621657E-01  2.32933718E-03  1.68331113E-04  2.49766838E-03
  8.38000202E+00  9.89586674E-03 -1.54908672E-01  2.39966973E-03  9.79281758E-05  2.49759783E-03
  8.40000248E+00  6.77790213E-03 -1.56576052E-01  2.45160609E-03  4.59399562E-05  2.49754614E-03
  8.42000294E+00  3.63282533E-03 -1.57617122E-01  2.48431577E-03  1.31974202E-05  2.49751308E-03
  8.44000340E+00  4.73217398E-04 -1.58027723E-01  2.49727606E-03  2.23934705E-07  2.49750004E-03
  8.46000385E+00 -2.68828357E-03 -1.57806218E-01  2.49028020E-03  7.22686855E-06  2.49750703E-03
  8.48000431E+00 -5.83903119E-03 -1.56953484E-01  2.46343971E-03  3.40942861E-05  2.49753403E-03
  8.50000477E+00 -8.96642264E-03 -1.55472934E-01  2.41718325E-03  8.03967341E-05  2.49757990E-03
  8.52000523E+00 -1.20579489E-02 -1.53370500E-01  2.35225097E-03  1.45394137E-04  2.49764509E-03
  8.54000568E+00 -1.51012428E-02 -1.50654584E-01  2.26968038E-03  2.28047531E-04  2.49772798E-03
  8.56000614E+00 -1.80841312E-02 -1.47336051E-01  2.17079115E-03  3.27035814E-04  2.49782694E-03
  8.58000660E+00 -2.09946837E-02 -1.43428177E-01  2.05716421E-03  4.40776756E-04  2.49794102E-03
  8.60000706E+00 -2.38212571E-02 -1.38946578E-01  1.93061517E-03  5.67452284E-04  2.49806745E-03
  8.62000751E+00 -2.65525468E-02 -1.33909196E-01  1.79316720E-03  7.05037732E-04  2.49820482E-03
  8.64000797E+00 -2.91776247E-02 -1.28336176E-01  1.64701731E-03  8.51333782E-04  2.49835104E-03
  8.66000843E+00 -3.16859931E-02 -1.22249812E-01  1.49450160E-03  1.00400217E-03  2.49850377E-03
  8.68000889E+00 -3.40676196E-02 -1.15674451E-01  1.33805792E-03  1.16060267E-03  2.49866070E-03
  8.70000935E+00 -3.63129713E-02 -1.08636394E-01  1.18018663E-03  1.31863193E-03  2.49881856E-03
  8.72000980E+00 -3.84130739E-02 -1.01163790E-01  1.02341117E-03  1.47556420E-03  2.49897549E-03
  8.74001026E+00 -4.03595231E-02 -9.32865292E-02  8.70237709E-04  1.62889110E-03  2.49912869E-03
  8.76001072E+00 -4.21445332E-02 -8.50361213E-02  7.23114179E-04  1.77616172E-03  2.49927584E-03
  8.78001118E+00 -4.37609665E-02 -7.64455721E-02  5.84392517E-04  1.91502215E-03  2.49941461E-03
  8.80001163E+00 -4.52023558E-02 -6.75492436E-02  4.56290058E-04  2.04325304E-03  2.49954313E-03
  8.82001209E+00 -4.64629345E-02 -5.83827123E-02  3.40854138E-04  2.15880433E-03  2.49965838E-03
  8.84001255E+00 -4.75376621E-02 -4.89826538E-02  2.39930043E-04  2.25982931E-03  2.49975943E-03
  8.86001301E+00 -4.84222397E-02 -3.93866636E-02  1.55130925E-04  2.34471331E-03  2.49984418E-03
  8.88001347E+00 -4.91131321E-02 -2.96331272E-02  8.78122228E-05  2.41209986E-03  2.49991217E-03
  8.90001392E+00 -4.96075712E-02 -1.97610557E-02  3.90499335E-05  2.46091117E-03  2.49996106E-03
  8.92001438E+00 -4.99035753E-02 -9.80994105E-03  9.62349441E-06  2.49036681E-03  2.49999040E-03
  8.94001484E+00 -4.99999672E-02  1.80413015E-04  3.25488547E-09  2.49999668E-03  2.49999994E-03
  8.96001530E+00 -4.98963557E-02  1.01700453E-02  1.03429820E-05  2.48964620E-03  2.49998923E-03
  8.98001575E+00 -4.95931618E-02  2.01189965E-02  4.04774000E-05  2.45948159E-03  2.49995897E-03
  9.00001621E+00 -4.90915962E-02  2.99874730E-02  8.99248553E-05  2.40998482E-03  2.49990961E-03
  9.02001667E+00 -4.83936630E-02  3.97359990E-02  1.57894960E-04  2.34194659E-03  2.49984162E-03
  9.04001713E+00 -4.75021563E-02  4.93255816E-02  2.43301300E-04  2.25645490E-03  2.49975617E-03
  9.06001759E+00 -4.64206375E-02  5.87178618E-02  3.44778731E-04  2.15487555E-03  2.49965419E-03
  9.08001804E+00 -4.51534390E-02  6.78752661E-02  4.60705167E-04  2.03883299E-03  2.49953824E-03
  9.10001850E+00 -4.37056236E-02  7.67611712E-02  5.89227711E-04  1.91018148E-03  2.49940925E-03
  9.12001896E+00 -4.20829915E-02  8.53400305E-02  7.28292100E-04  1.77097821E-03  2.49927025E-03
  9.14001942E+00 -4.02920246E-02  9.35775340E-02  8.75675527E-04  1.62344729E-03  2.49912287E-03
  9.16001987E+00 -3.83398868E-02  1.01440728E-01  1.02902215E-03  1.46994693E-03  2.49896897E-03
  9.18002033E+00 -3.62343900E-02  1.08898155E-01  1.18588086E-03  1.31293107E-03  2.49881204E-03
  9.20002079E+00 -3.39839570E-02  1.15919992E-01  1.34374446E-03  1.15490938E-03  2.49865372E-03
  9.22002125E+00 -3.15975882E-02  1.22478150E-01  1.50008977E-03  9.98407602E-04  2.49849726E-03
  9.24002171E+00 -2.90848296E-02  1.28546387E-01  1.65241736E-03  8.45927338E-04  2.49834475E-03
  9.26002216E+00 -2.64557321E-02  1.34100437E-01  1.79829285E-03  6.99905737E-04  2.49819853E-03
  9.28002262E+00 -2.37208102E-02  1.39118090E-01  1.93538424E-03  5.62676811E-04  2.49806093E-03
  9.30002308E+00 -2.08910070E-02  1.43579274E-01  2.06150091E-03  4.36434173E-04  2.49793520E-03
  9.32002354E+00 -1.79776382E-02  1.47466138E-01  2.17462610E-03  3.23195476E-04  2.49782158E-03
  9.34002399E+00 -1.49923600E-02  1.50763139E-01  2.27295235E-03  2.24770862E-04  2.49772333E-03
  9.36002445E+00 -1.19471122E-02  1.53457090E-01  2.35490780E-03  1.42733494E-04  2.49764137E-03
  9.38002491E+00 -8.85407627E-03  1.55537203E-01  2.41918210E-03  7.83946671E-05  2.49757688E-03
  9.40002537E+00 -5.72562404E-03  1.56995177E-01  2.46474869E-03  3.27827693E-05  2.49753147E-03
  9.42002583E+00 -2.57426919E-03  1.57825172E-01  2.49087857E-03  6.62686170E-06  2.49750540E-03
  9.44002628E+00  5.87382761E-04  1.58023864E-01  2.49715406E-03  3.45018520E-07  2.49749911E-03
  9.46002674E+00  3.74668511E-03  1.57590464E-01  2.48347549E-03  1.40376496E-05  2.49751308E-03
  9.48002720E+00  6.89100102E-03  1.56526700E-01  2.45006080E-03  4.74858934E-05  2.49754661E-03
  9.50002766E+00  1.00077530E-02  1.54836819E-01  2.39744410E-03  1.00155121E-04  2.49759923E-03
  9.52002811E+00  1.30844740E-02  1.52527601E-01  2.32646684E-03  1.71203457E-04  2.49767024E-03
  9.54002857E+00  1.61088575E-02  1.49608269E-01  2.23826338E-03  2.59495282E-04  2.49775872E-03
  9.56002903E+00  1.90688055E-02  1.46090508E-01  2.13424372E-03  3.63619329E-04  2.49786302E-03
  9.58002949E+00  2.19524782E-02  1.41988382E-01  2.01607007E-03  4.81911295E-04  2.49798130E-03
  9.60002995E+00  2.47483421E-02  1.37318298E-01  1.88563147E-03  6.12480449E-04  2.49811192E-03
  9.62003040E+00  2.74452120E-02  1.32098943E-01  1.74501317E-03  7.53239670E-04  2.49825278E-03
  9.64003086E+00  3.00323013E-02  1.26351193E-01  1.59646233E-03  9.01939115E-04  2.49840133E-03
  9.66003132E+00  3.24992612E-02  1.20098040E-01  1.44235394E-03  1.05620199E-03  2.49855593E-03
  9.68003178E+00  3.48362215E-02  1.13364488E-01  1.28515076E-03  1.21356233E-03  2.49871309E-03
  9.70003223E+00  3.70338373E-02  1.06177479E-01  1.12736574E-03  1.37150509E-03  2.49887072E-03
  9.72003269E+00  3.90833206E-02  9.85657647E-02  9.71520960E-04  1.52750593E-03  2.49902694E-03
  9.74003315E+00  4.09764685E-02  9.05597880E-02  8.20107467E-04  1.67907099E-03  2.49917852E-03
  9.76003361E+00  4.27057110E-02  8.21915716E-02  6.75545481E-04  1.82377780E-03  2.49932334E-03
  9.78003407E+00  4.42641340E-02  7.34945834E-02  5.40145382E-04  1.95931364E-03  2.49945908E-03
  9.80003452E+00  4.56454977E-02  6.45036176E-02  4.16071678E-04  2.08351156E-03  2.49958318E-03
  9.82003498E+00  4.68442775E-02  5.52546382E-02  3.05307505E-04  2.19438644E-03  2.49969400E-03
  9.84003544E+00  4.78556827E-02  4.57846448E-02  2.09623366E-04  2.29016645E-03  2.49978993E-03
  9.86003590E+00  4.86756638E-02  3.61315086E-02  1.30548593E-04  2.36932025E-03  2.49986886E-03
  9.88003635E+00  4.93009426E-02  2.63338499E-02  6.93471666E-05  2.43058288E-03  2.49993009E-03
  9.90003681E+00  4.97290194E-02  1.64308548E-02  2.69972988E-05  2.47297529E-03  2.49997270E-03
  9.92003727E+00  4.99581769E-02  6.46213535E-03  4.17591946E-06  2.49581947E-03  2.49999529E-03
  9.94003773E+00  4.99875024E-02 -3.53243202E-03  1.24780763E-06  2.49875034E-03  2.49999808E-03
  9.96003819E+00  4.98168766E-02 -1.35128694E-02  1.82597632E-05  2.48172111E-03  2.49998085E-03
  9.98003864E+00  4.94469851E-02 -2.34392546E-02  5.49398646E-05  2.44500441E-03  2.49994430E-03
  1.00000391E+01  4.88793030E-02 -3.32718827E-02  1.10701825E-04  2.38918629E-03  2.49988819E-03
