   21.216216542629663        19.559084336207665        13.577501971180858     
   2.8492891910540948E-002  0.48152761003712119       -2.1576432771490666     
   27.465759396336733        13.525900920752445        22.971200518111537     
   1.5390945057133281       -1.2032465542632409       -1.4388967360241272     
   23.283408032430852        22.451448373954648        20.763230326517252     
  -1.2032993774050760       0.85110932810758066        2.0009537153379271     
   4.4034295498976279        2.5616195927570238       0.57624281558281876     
 -0.85956018268497125       0.13834540274127527        1.0715790873948565     
   15.201382741921366        7.4208579336221510        3.1592210281779880     
   3.0417792529210980E-002 -0.54706153107088873        1.0092109141473509     
   12.423924178983677        13.880743201836314        14.436112855982399     
  -1.4193569100445955      -0.50513254195201784       0.92252038964830763     
   3.0259883281694684        22.892711817969257        16.582191936326947     
  0.53076159134657397       -1.1597949431304595        1.5062502317600350     
   7.7167251250458477        18.155143399235222        16.872326868993916     
  -1.4650442250603013       -1.1531173043919409        1.3890355706248114     
   15.975049216731835        8.9434373631331674        9.0982110679921036     
   5.2318010089170211E-003   1.2741807622044010      -0.69380315233282064     
   16.771067470424995        6.0599642761519146        6.0615671047555946     
  -2.8907025024796087      -0.58386253870022353       0.90407436648194162     
   21.579519089505602        27.914023711063574        24.051900675293439     
   1.2623009824281370        2.4423429598395576       -5.4478048261294980E-002
   19.831558639465033        25.340563012316913        22.140642781790991     
  0.75865277926575447        3.3039562928240181E-002  0.14281639379027641     
   11.574943580871006        13.213072417801978        25.451920016856544     
 -0.21117681292113216      -0.61766534624003311       -1.2687438201128480     
   3.7341063411683830        23.240039152095857        20.162552247898770     
 -0.63407517212911535      -0.67739632304989805       -1.4528727161527986     
   21.684525480083995        5.0099539012169068        2.7125131429696308     
  -1.8469564312042366       0.12693348959070219      -0.19449082267181023     
   27.107289863182437        16.351407023073524        21.037857890076847     
  0.60500837293745002      -0.88077005443358292       0.97177086974550375     
   9.1943902759039133        8.2397744677184548        16.251837227890871     
   1.6707427484158366       -1.7913885265698148        1.2916362768179881     
   8.8749037495255241        11.592687661832597        14.728711251534792     
 -0.96633856247794092        1.1050916476673109      -0.32318307333071206     
   22.140782568992531        26.096125169515460        11.878331007733967     
   1.1914201034030594        2.2358652640982246       0.67590444202063671     
   15.827976377813606        7.4761019541308142        22.827227942553829     
  0.41790584607607306      -0.34908894140187341        2.6222364890085923     
   6.3108415290503546        16.241741141717622        28.657871262393510     
 -0.29590186317927114       -1.4352126301577757      -0.47263026240379258     
   7.7100779822584835        4.9032424905940371        11.761759024589823     
   1.4241817379208632       -2.3997044644506693        1.3673040219207027     
   26.378995474631949        15.384750290402396        2.2911658156860146     
  -2.8806941107254729        1.9318168722134152        1.5671259907892834     
   11.254768103420577       0.38306498512459963        8.9697985752195155     
 -0.39506422801938273       0.70812003320126538       -1.7747804496242288     
   15.943357346697143        13.736538638737079        21.244885608177860     
   1.2602585599863674       0.28999604288270625       0.18730412950559389     
   8.7771795360306992        5.4247992197242612        22.589081159555146     
  -2.6115248101157218        1.2376539812119867       -1.3096936896033620     
   6.8758740564824219        22.078885907829900        3.7355570838526404     
   2.3787120502228616       0.78234226771107418       -1.6362304710154718     
   27.450694572450921        16.820284808357062        9.0695154630719497     
   2.9773464740809317       0.16471785684380741       0.83619768467403688     
   7.0446227403829953        18.194190640185916        22.232747334109416     
  0.16080378762860467      -0.17977373246177861      -0.45371825287414658     
   8.1833759004780688        2.6337933253512080        6.4664470283999984     
   1.1468969742852604      -0.63198403807634351      -0.70959587425098447     
   13.454966020707932        2.2208380254658406        26.754516137978374     
 -0.66479394503490841       0.83509974989980240        1.0775060565207564     
   18.770307074512079        5.8960317579197232        12.871272373328456     
  -1.7637327708216803        9.7068534746967444E-002  0.92372866021136135     
   19.386393074551371        9.1576393713001565        11.500004038258524     
   1.7836214854991899       0.52483095065516050      -0.36359274793040597     
   17.203361463622841        16.080614608611882        28.032403415894084     
  0.12889864236187670        2.5252738959067091        1.5749127341875901     
   11.912958008002505        20.200639801929711        27.319797084159053     
  0.45763707161874656        2.1494167961552431       -1.0076042880668594     
   2.9499284839890580        16.012879739773066        14.801733398168427     
 -0.87722311276278164       -1.4497580815175752       -1.6357446784171570     
   6.7808681779802251        11.279569094198346        28.167106731142102     
 -0.43214256154866471       0.91345910919377638      -0.79668754152132448     
   11.057152948164001        1.7292945018976988       0.94139547929665757     
  -4.0241626217669718E-002   1.7519124702584854      -0.56179245556649915     
   15.101644297351415        11.327494981986881        4.1960369469474958     
   1.7294294659348231       -1.0004784986458934      -0.91701618441230981     
   1.2192846697701183        22.990442981882971        23.365138874309636     
  -1.6542985829391086       -3.8694992794231093       0.48529417861891838     
   23.412959522335015        24.773184887206572        7.3596431873066317     
 -0.49552412320352712       0.77446959768285362       0.75599275878169592     
   19.371191969305933        17.067051932496767        9.8627140090973899     
 -0.45483416987961567      -0.31759897736182213       -1.8780766923315899     
   1.3159403271781462        8.1108286255792894        9.2722232549297221     
   1.5464667503914096        2.0910974551689283      -0.54872777938838102     
   24.816313393493520        20.977481115426361        23.634858438811015     
  -5.7542491928437578E-002   1.1395813129798926        4.6707630251568912E-002
   3.3599812856002367        9.9623300835590811        20.009272926766386     
  -8.2049539238182256E-002  -1.6446996013534443       0.34784460992242844     
   23.265292094753008        10.365660381573322        28.543449510586925     
   1.5330977724233459       -1.3170953849864329       0.43382930627566996     
   5.6416592773554974        1.2031648980319398        13.107844842424095     
  -1.5358793640065109       -2.7679266206316315      -0.42143541520975780     
   18.911424643521840        22.106379624873110        6.0391568424936661     
   1.4602812010969570E-002  -1.7745759992344250       -1.9803196330229480     
   25.257533637190530        16.493687536624098        5.2144256103852422     
   7.2716071598693584E-003 -0.48777076460974755        2.2875458140404628     
   20.003840735834839        11.967664786037259        5.6517665040882044     
  -1.1982495330134959      -0.11023005809567778      -0.26007487386203515     
   24.544186745224184        26.811535409346483        4.5638460720237433     
 -0.46080704618404245      -0.82692830772738635        2.1795627116683209     
   10.230603386277979        17.877354170245845        19.823152859001752     
  0.39520691786685092      -0.79013620279488306        1.3787209113118932     
   20.440458584919789        24.370986688495186        9.1568176927286675     
  0.14389975891566029       -1.5421610243676063       0.88798046646417883     
   27.985816306399634        10.614188707783198        12.326973044728412     
  -1.5286276419003757        9.2445123073143145E-003  -3.3885328826440360E-002
   28.375413670293700        1.2257410746065061        24.473623000136843     
 -0.77253749226442758        1.0311326828038478      -0.65876575537660509     
   3.5204780543458600        6.5902786976541909       0.74612370335976408     
  0.84681672521922258      -0.46585910163091904       0.16419301819483412     
   21.602643988644814        23.594937080684268        16.944088203015198     
  -3.0990644541097976       0.46536193672094578      -0.60585292892485099     
   6.3067740715238134        21.683067864154996        22.692639323534493     
  0.68219753763347146       -1.0755099566151107        1.5209357629159339     
   5.2426331128606236       0.46923437041538890        6.7064922323210849     
 -0.12071105972969662        1.3169539602046774       -2.3321943637650411     
   14.026877797546565        13.525195218690349        17.650701079313301     
 -0.25495815728709759       0.35455807099951575        1.2784235946799105     
   15.123116291637571        5.0537608901110840        13.639629113326665     
  0.86017955835193516       -1.0462516817245484      -0.33094836364559632     
   17.719267557836563        25.464602331819822        3.8516234919218282     
  0.65436811095180880      -0.99195565565558408        9.6258908406120086E-002
  0.60167826573235694        5.8895391487440554        20.316455231286429     
  -2.0451285268518773       0.90618217267013168       0.11842131076613178     
   2.7877382662108543       0.69605046821691641        26.348340625620907     
 -0.68613091691948402        1.3373667983152022       0.80552515565535587     
   25.623607604539465        25.575273286857669        10.813633725688856     
   1.4238466195676218E-002   1.0573372025588741        2.4018481654915873     
   12.915759382534667        23.691944707009888        10.436949373202856     
  0.93620880112610372      -0.65748160762001373        1.2204178930022096     
   8.9467657496422088        4.6976548474983151        1.8817441973958624     
 -0.68705226773523753      -0.27257856877012243       0.13651400804008246     
   2.5453153973769549        8.1696526540221424        5.1098682860968596     
 -0.60881835274983243        3.7748448890796378        1.8759505470890443     
   17.586576856381658       0.47074803992667325        22.791031706792243     
  -1.2527589640038674        1.7935744314085957       0.87695414408134875     
   5.3389581449183465        12.311918745688221        12.497318137099198     
  -1.1298871415695657       0.88244282609743097        1.9277481575084576     
   23.081554162482792        20.197773038148739        17.182183601061965     
   1.3165896675053332       0.42056415226659427       -2.3098333633149421E-004
   14.564715644373209        17.299695351940709        18.923580691547432     
  0.85703831777398443       0.33893747076789987       0.10726388974144802     
   22.333853433658753        21.159988400833729        7.1346809090991110     
 -0.72759677612161444       -1.6270398475964467       0.91367253838295059     
   7.6100847909487498E-002   1.2809053669075106        1.9248767205108015     
 -0.11508379132572664        2.4781355353510381       -1.9136144966533333     
   23.530564133591195        23.097593839462935        10.300372575542990     
   1.0056520728390104      -0.60114563535603793       -1.9581253694488365     
   13.316935495660635        2.1583384806029677        11.795285317375026     
   1.1989067600323782      -0.93901772357597946      -0.66816907482950127     
   15.024347920996409        4.9055511203990916        20.033735264166978     
   2.0685616561249942       0.82264319213331116       -2.5092628420439334     
   2.6881890957607144        26.523012601882510        1.3768620604042932     
  -1.2694683861960876      -0.52501912369731030       0.81753361085380860     
   25.666577063907063        2.9542295688706695        7.8887206784150701     
  -1.4683629143058545       -1.1251024289530223       -1.0635829896790734     
   13.833728799384106        27.087457407754400        10.663539187974736     
  0.10150347745150713      -0.76945978534314596        3.4890478890825354E-002
   20.714353262642216        14.489076600522129        8.2016390795217138     
 -0.81656856458944127        1.6265203438745671E-002 -0.19841427762536498     
   6.0440107356138606        8.8171067574519384        14.242593959755586     
  -1.3059683904608932        1.7357637103998758       0.61330445616383356     
   3.2116803137538592        23.019398794755233        12.931156011504635     
 -0.77448537999252209        6.6763583868861540E-002   9.5709258797988847E-002
   12.431383589754606        5.8244175978840911        16.927205966180704     
  0.42393033099252209       -1.0542482197247780        1.5169283784707350     
   26.610513839007041        1.9453506867614896        27.831392721593296     
   1.3659952511888307       0.95849501574054996        1.8074422908783523     
   18.103036355583143        22.363043693429432        25.604805352666101     
 -0.88669858278742453      -0.29113781595050520       -1.2727653860870687     
   9.7256227860022317        17.520345639794524        28.218980607508644     
 -0.75254254706974688      -0.66258134674185909        1.6168773674529207     
   26.349077195528185        11.575662812783518        4.0363284755617386     
 -0.13650233464812730       -3.9285716022997214E-002  0.69093559441410024     
   6.7909521227845877        12.990742596729319        5.6877987334958959     
 -0.59571987625769796      -0.11977884577703700      -0.15103003632635478     
   18.160201878507248        2.3393370260588662        5.9644429501262959     
 -0.17246516773073120       -4.0401158246709000E-002  -1.4064734863426964     
  0.31286016607667605        22.130488733947551        5.0984216370961608     
   1.2244496897640480        1.5024241308599684      -0.30324367125122226     
   19.460882605184555        3.6826060586777833        6.2295729552504647E-003
  0.49449544386933153      -0.35524987502287414       -2.1884225369932344     
   9.6939056949582110        22.861057754231449        12.016193149121905     
  0.42222722293943654       0.63813107561973303       0.74215667603298574     
   20.767569843225822       0.10508465919839198        28.376300777220802     
  0.52310957821044823       -1.4587459328605290       0.42751253314315230     
   25.072093457473201        9.0893476608064603        11.390602581913054     
   3.1004173294674393       -5.4894489317497089E-002 -0.57697639997182271     
   7.8578496354383356        5.6360432495765780        8.3077392784860482     
  0.76487128084758416       -2.0631933370178288       -1.6390878590604760     
   10.190826680152401        11.542807595416647        5.7227270139989752     
   1.0059833480770239       -1.8879324958761070      -0.49263192047157039     
   11.527073116061930        3.5569499209146378        19.824282001940780     
   5.5704646954088263E-002   2.3233047098751207        1.4180759313203368     
   2.5797924317665486        27.270737210474216        11.843833931526515     
  -3.0041865946027153        1.0833651057784537       0.11285439450598811     
   16.810461630599452        1.7142376681132034        10.741865652338095     
  0.46353313355308562       0.34789277937257662       0.32919673697531565     
   27.008583574305753        27.653245636954107        21.836731539201651     
 -0.30866340857047136      -0.63593832058927291        1.0094717309376307     
   11.891191431167233        23.262392084502018        19.155550759607898     
  0.52595682388917731       -1.0372631423480270       -1.2056003304303158     
   25.395299669615618        11.496208754147421        25.990127858543602     
  0.45062870253254839      -0.30454018532816224        1.4577888472170080     
   17.651349079331009        10.654516050982256        22.168272177351852     
  0.38599319978865748       -3.6450589323768243      -0.77965856684066248     
   4.6873685466223804        3.3035728473741131        18.625297686105235     
 -0.66412577428300301        1.5082714596454978       -1.3569228087039384     
   14.204278303330412        20.859186002148856        24.399247350846831     
   1.4788912427590328       -2.9581785814752117      -0.20456838489863127     
   3.2549124248531887        11.882390082337759        4.8751757624777490     
  -2.2738071671765296       0.31016625079805443        1.9239711145825240     
   4.5207784386633048        11.905573051352496        16.957101170307091     
  0.47593312436689744      -0.26374525054622822       0.71251472619159384     
   25.576878456103383        13.465299416801530        13.855470862186843     
  -4.8695946425947031E-002  0.65848732480250638      -0.43611781256773091     
   5.4493885345988717        27.040828488707522        10.096821805942538     
 -0.29765001807358604        2.8239840272791343      -0.91442962266031314     
   22.094907175338857        21.553919038283869        27.009033687243367     
  -1.1535235190697544       0.77710469535325910      -0.35594362534805934     
   19.029941007634449        20.900537603353957        16.325841879600162     
  -1.5365509784319611      -0.73630179734183243        1.5425060201431264     
  0.52574250443863646        24.604946252665798        10.445193712257110     
  0.63724655118646578      -0.21868616342285696       -3.0033444087044853E-002
   9.9775485358785208        24.689238827993560        4.0071694474260529     
 -0.33576921512308461       0.19710147060986388      -0.48128663194072935     
   23.530432536410455        19.942938438799562        4.0021934411678863     
  -1.1166185986958568        1.5237505870361634        8.5938670136923537E-002
   12.392443578152857        8.2606069843460386        24.391835927874521     
 -0.15285595268956814      -0.71801698580528373       -2.1411168288754734     
   14.471264520415085        28.519626179338253        1.8005628353571574     
   1.1825981941157075       -1.5958595015072177        1.4714205443079782     
   3.2364875562010536        19.723798746401016        22.071694252918373     
  -1.3550967313474029      -0.33696157295708790       0.36039803523768532     
   27.904965593516103        19.765225902651590        21.893411705684819     
   1.9457936375347968       -1.2418695169996365      -0.62445278958192574     
   15.733997301306852        20.065290680145850        28.095054202603812     
   1.4443852315823911        1.7991831166998680      -0.56041063749240361     
   11.076182490366266        8.4252392937624094        2.9417535711015184     
   1.6093928607982868        1.9227085629550835      -0.21615735969309188     
   24.516022529230572        27.954884337343056        7.6834623200167780     
  0.56446278594815569      -0.34813097781012603        6.5548570735046011E-002
   16.992545618458362        27.041071531953275        19.852916394738948     
  -1.4000378260068438      -0.62643673869852634        1.1159237005003264     
   15.539635075037458        14.898518385638589        12.995107038655666     
   2.5392207092271537      -0.20137223399232362       0.98218059730328411     
   20.733967248617006        7.0751386354792434        17.741715173144115     
   1.4087949134325053      -0.65534738978498774       -4.0724558868429419     
   23.188846965842682        23.104118133956760        13.897860144766000     
 -0.86057688502572316      -0.57212643065244606        1.4716277096986246     
   7.4262176583334316        11.148610453591328        9.8322547350508387     
  -1.2330729305510097       -1.7109584632333035        1.8220323097503091     
   4.3684413287717249E-003   20.987003508352974        15.869920112806421     
 -0.46274673279568596       -1.7847442627356043       -8.5801223326157694E-002
   23.146053071123209        13.263482036569709        16.421542605651137     
  0.17438313350073034        1.1623476467957876      -0.40873703594580829     
   19.703139047074263        18.548437552379642        6.6706368077588944     
  0.51781214000043818      -0.30004595975977305        1.3375830976186434     
   3.3355687296387644        20.667926583474284        3.7178372866570100     
  0.20095539453766886      -0.82184643242267896       0.11881296043801032     
  0.11587549703808972        19.479931998421009        11.326019939503899     
  -2.0060220891649219       0.32643058537977132       0.31487972439492823     
   23.849824268799193        6.7079747819950351        6.5605303666449029     
   1.2367402044559961       -1.3331089955602364       0.39170777129188722     
   1.4063518857410615        16.419573970179304        23.072487143523620     
  0.45117493448897933        1.0337161983531993       0.23289376309470788     
   5.9018901206816370        24.368063413608464        6.6551027065322890     
   1.9431247633227808       0.21112856924235718      -0.79790774968057088     
   10.160408331532624        27.450435015535657        24.992826382245095     
  -1.2819104037501072       0.20411022381136287       -1.7304506366507590     
   4.8488860952684680        16.184043154123597        17.598323443971122     
  -1.8495982865574636        1.8723157478086765      -0.64493664367157921     
   4.1337851993491395        21.769857491089951        25.655415563808674     
   2.1979884470234912       -1.2724881978603910       0.22276341371340555     
  0.49685988708149753        4.1783705517148899        3.0106877273015208E-002
  0.86626254290638938       -1.1618961480632255      -0.90082302528391844     
   5.5745171280857191        2.5439470100150126        23.854220138974849     
   2.0634613415183556      -0.97270570613912544      -0.56301909023420227     
   25.527416059562054        12.990238310163093        19.989317703603156     
 -0.54989546530761757       -1.1439471999429700       -1.6608894937743073E-002
   26.979185651609921        23.282987256019521        21.137092419979943     
  -1.8646908672876863       -1.5806420236467920      -0.68567085368794223     
   7.5002669922140015        16.851393102301426        6.8395622643891762     
  -1.4237448382625284      -0.69624362703217524       -2.6516124864789128     
   17.049287994920437        2.1829054800911156        19.135420020268995     
  0.22603651704942437        2.2697637951559217       -1.2677167694002027     
   13.635562270822486        25.286775969234856        4.3662009809027742     
 -0.53027820699263828       0.15746045820450949      -0.44370272049231990     
   5.0407772408213471        9.3328266375469564        2.5231665880876721     
   2.3196110756652648      -0.82781251760855357      -0.63677984492226058     
   23.931704802974117        13.148827003709902        1.7205120777617193     
   1.5789950701496713       -1.0650198147327488       0.31208935277282540     
   13.288630656348742        27.251359467317542        27.751122202058902     
   1.5980440663364432       0.67771726061816717      -0.29178733707901588     
   10.141126234942769        8.0640835615822830        19.755372251576834     
 -0.81149553375265937        1.9064203335969812       -1.0605528761020531     
   26.454154348444693        13.760670183120768        6.7770029785531811     
 -0.77119074820514899        1.6636820038607791      -0.21853036928190361     
   28.346544390242112        10.540622840241456        24.504132389990389     
  0.63331012807204679        1.2611638524895734       0.66527628896897373     
   9.2652812406495340        13.864183096130606        28.067992757594645     
 -0.95726328962188623      -0.30318031419870217       -2.1215997146671608     
   28.266516885893886        14.260168604119746        11.828632519761346     
  0.40446782694720934        1.5345024685736799       -2.9888840628587063     
   27.626307531456295        7.7681792665693257        5.8171220015019474     
  -1.8360975870750300        2.1918901671769886      -0.15945135645502878     
   17.726761163605179        15.296144481042850        6.0621289083530829     
   1.2618469374177950      -0.49579764179012442       -2.3504880929550294     
   2.1749574225097397        3.5440165794487175        22.511769771255089     
   2.1306679458351310       -2.0366186477922703        2.3322595658345616E-002
  0.12304294427328262        10.915598540662726        6.8843256962865453     
 -0.58384466047939187      -0.26540292326175213      -0.76945324364266676     
   16.059488981215498        21.225673264103328        9.1289460486604437     
 -0.68924139222082448      -0.31593831647889292       -1.5902587992856536     
   3.8276460945187663        26.258037790346968        16.971648523907021     
  0.78012074197442727       -1.0552195309780463        3.5303854136921506     
   16.696808107226012        12.489069111478255        8.0828835235435932     
  0.83626594359369932      -0.15925434971667771       -1.4329682911197990     
   4.2797161313749035        25.064150795383814        23.706877113065037     
  0.85250198990834347        2.0788200917378550      -0.83112610109635587     
   17.892537589651869        27.379374599642276        8.5817255343050594     
   1.9690483697015841       -1.6391165614112724       0.34518692625340208     
   28.082338328428964        16.805733161878720        14.661079594374007     
  0.65579148483139504       0.73059790057582641       0.19838388017693709     
   1.1588271779333914        7.2244650746312375        23.749990283769399     
  -1.2632040827047006      -0.64777901127449111       -1.0282050691819993     
   21.064628644892636        21.915624612685921        23.314211593788855     
  0.27155029662718094       0.65200162130782713        1.7592769977415981     
   21.640386316858702        1.2223179423550643        21.001395754974652     
   2.9201389641105622      -0.76194810387788015       0.74801030843141170     
   22.745826351740249        3.8564727104169902        9.4084506837618349     
  -1.2131229485294377       -2.6911097545290970       -1.6149962094165065     
   6.5510732501667484        9.0602678068990912        6.2990757724737749     
  0.67669620161361010        1.1309658508529690      -0.98293499980622367     
   16.871631298260713        6.8753709267189898        1.2834610014655725E-004
  0.88620026025602439      -0.28005130637709907      -0.13304579609597852     
   25.442201873548743        23.721619961368443        3.2777908873288522     
 -0.31975450758714413        1.9491649936927806       0.54601003882141108     
   7.2794287087212242        20.575856156034270        27.564023891579343     
  0.45888268696197365        1.5483804526250937       0.71816740603930729     
   25.519094351213404        12.565690725285684        10.135678776029710     
   1.6272158203492874E-002   1.9915452738152972       0.98042972060516276     
   25.208755146779875        7.1853846211178904        21.645788716729466     
  0.10154761598023859       0.40063052089979667      -0.30919278374263676     
  0.44368516948993364        6.8222794184100408        2.1260610620519516     
  -2.3919390938340097       -1.8095173659036643       0.41988498283508385     
   16.723187911095355        4.0576675641758841        25.729962721990585     
 -0.32936660828285169       0.85923188221939995        1.9127417758167666     
   22.826134870914377        5.4537038737433239        28.019412065490318     
   1.4486347299282814      -0.12989182240721620        1.0362831699515456     
   26.142526522371323        7.6594671340338891        25.728226381026253     
 -0.21815523502464831        2.0937000220262885       -2.8276644957675607     
   6.2192519455548743        26.096611419461922        28.450714851312302     
   2.3456198542494491       0.31057010050398320      -0.22858229620749712     
   13.254795092834627        12.912418845475546        7.2491754132328872     
  -1.2938455214801416        1.8318700137002408      -0.29614228325411734     
  0.64757808918065585        25.501936025911075        14.920487514353377     
  0.76902792990621438      -0.92771076395379481       -1.0496003067632846     
   16.383852875826424        19.579413448692858        5.5758177877621682     
  -1.3654711262441401      -0.32131185395833622       -1.4807424132269404     
   2.7606666067044952        11.804936675840770        27.696535971601669     
 -0.29187569980782357       0.93709261236065422        1.0385353814272060     
   4.1048051206792149        2.3711995756108410        9.9776030807822789     
   2.0147237257104611        1.5408621955931123       0.75672305707374132     
   3.9172965703130487        20.178614046121574        10.622053960532059     
   2.3477583811751370       -1.5214255137395241       0.10284801139390769     
   13.653228411632959        6.1852079513937666        26.911828498593625     
  -7.1423348178443480E-002 -0.13508963971036758        1.4128393897933722     
   20.121189406165243        26.607585560807760        5.9871800876826677     
  -1.5399215624779083       0.44300276099365260       0.12453272853259936     
   9.1072558776055104        15.367674838050020        12.223759485095467     
  0.38367122809337562       -2.7546728053530769        2.6487794515922398     
   15.510582466855933        3.5446628182306710       0.69036758270771814     
  0.51482584591964564       -5.0636235732553873E-002   6.5089760744374827E-003
   23.217025677853311        2.1201048917963261        26.409914042278714     
  0.46544195194416937      -0.43965266843437989      -0.51799495837392973     
   26.861118924207389        4.5440249914612378        3.6153914766220261     
   9.5287543742225742E-002 -0.33783388577097584       -1.3473095272308460     
   10.360076682329741        26.683364677576481        19.209568320861713     
 -0.32802540083025028       -1.4840757401416294       0.50113686405048274     
   12.762482852322819        14.453869597509803        10.894736481759116     
 -0.95759942949930343        1.2123844798278464E-002 -0.10329302032937217     
   20.360796068375109        20.785801037117459        10.147005738115732     
  -2.3453237201252501       0.63433285487008884       -1.5264062364064137     
   10.406930455507874        24.436695593418563        22.393025547357677     
   1.7131263505826553        2.2728242533328995       0.35845039038726623     
   17.764519930986701        26.441152608636472        12.914250627945929     
  0.99449436020967441      -0.85364591971316650       0.15567246866002590     
   28.018204931015848        19.947923800221400        2.2785833325091196     
 -0.30035348829144126       0.38423816047082776      -0.15854419861621979     
   24.605759996732552        1.3330688255174696        23.131741688580384     
  -2.2030125516272161       -1.0938043693130242      -0.20143355221877801     
   12.673586305177247        7.6958978539620944        10.517676906431051     
 -0.70319886563390510        1.5444308258694932       -1.9474628537786618     
   8.2509917974363383        19.150269330176432        2.2590720659200891     
   2.2284346911449129       -4.1588212436552858       -1.2620095954286561     
   3.0818990180056747        4.5950709255566142        25.942354223431394     
  0.19317352273647292       -1.9380015616782973       0.78029797853239702     
   17.581082170032936        2.3881006660407524        14.061910861180063     
 -0.68116269596268864       -9.4436089597043308E-003   1.1287064576663555     
   18.746255584077335        4.4642503596901895        21.582147241187535     
   1.1415876878854363      -0.90041325119924875        1.1226379448351234     
   21.484013913585059        17.170228793649656        23.105994986139475     
 -0.12796592160627068       0.73120945785720382       0.28753352274874411     
   11.259222391065219        10.423363166020581        7.8783571731739277E-002
  -1.0682729794751022       0.41947185500685402       -2.8990584306769969     
   16.134088071708153        24.138549706972345        10.860875602594382     
  0.23896699786204334        1.0321830728281358        2.3765886350163385     
   2.3571589099686991        12.009954166764057        11.050105126740101     
  0.59731314731498386       0.31145170267532096        1.0428529504977750     
   11.631346056157209        12.631377214532208        20.571329334539023     
  -1.7266163496663958       0.51716167374597555       -8.0631654681612208E-002
   2.9126413493907415        23.141354604666546        8.1871158955660732     
  -1.9666000437146985E-002  -2.0419814718189793       -1.6500165926138923     
   5.8265233942433774        23.422903128964791        10.241699354528798     
   2.4353259972374799      -0.40997737345562069      -0.80951304483427600     
   16.719758976852805       0.12515802913710455        27.700260247218136     
  -1.0584777306573157      -0.16236772985463188        9.8302555766432043E-002
   22.491736027995930        7.3548438161191578        9.8892191295387892     
   1.4337719766808081       -6.2018775812713076E-002 -0.28660571400672685     
   8.2300863764862058        10.717115539643260        19.066786126880881     
  -1.5289155358844939        2.3960406659573428       -1.1767365602758366     
   22.075043591477488        16.710922322855431        5.1851585545606529     
  0.49575562968794751       -1.9111484342556493       -2.3088890547698657     
   23.088035343261232        17.900819108409650        25.973151820614664     
  -1.5277005459230526       -1.4556504553449379        1.3665622785884319     
   5.4174758078610727        7.8351779052410055        10.839866693227838     
  -1.7947776442697012      -0.63896424584932843       0.80279255137640027     
   28.589821400907059        26.834232605147697        3.3381735232684369     
 -0.22548537869933771       0.23958324388006114        2.0478900027280105     
   4.7206561813322088        18.394055633988554        25.301988738828481     
  0.33466966848271096       0.35081113000573183        1.7902487799115621     
   4.1204691656723211        5.7462237970129486        8.0859251393683227     
  -1.5763843233986639        1.4254113261880512       -1.5286966482609998     
   13.375402963830105        16.870042767381893        28.069113258567029     
  0.94743935798329004       -1.8579437289153036      -0.81136461702266827     
   13.572173184915597        2.4730121409132604        4.4836335485447227     
  -1.6643105226505766       0.24922653310047846       0.99810659641772770     
   21.094863933204046        4.6453651048005105        6.3482463228625559     
   1.6630598235652505       0.67591565751393523       0.45733045139631173     
   15.321186217633384        9.7132114434936607       0.64887301361916172     
  0.41970168039558864        1.2122429393377150        2.6430847264987292     
   7.6671159469764305        1.3984447993172382        9.8826286986838774     
  -1.9627851755895871       0.63145995394675569       0.85812675326062438     
   11.017593983195264        5.3815331602141168        13.190929959803631     
  0.60489785738556057       -1.9076913872058292       0.77575827143347098     
   5.7239646079489912        20.497352175822922        18.921147821935111     
  -2.6630547584037791      -0.99598221649198049       -1.3577183495919143     
   23.743092499532398        10.888654744828671        22.256390138127212     
   1.7938154794321273       -1.7852325593277796        1.4285874252396682     
   12.383947861891356        9.7388881019477935        13.924685382011033     
 -0.13435905082929195      -0.24612144490988777       -1.4447886304992035     
   7.0339717297681297        8.4499162419898948        21.930984325719418     
  -5.4454917197291258E-002  -1.7473273099103439      -0.59723125459080517     
   7.1740880350391523        15.421067866054313        24.997732154256944     
  0.50580001157608123      -0.26346747788141828       -1.3192264516514516     
   8.4461307589518917        3.4525510969029365        15.331427159583049     
  -3.7420896098017349       -2.3579451178136357      -0.58814150156133693     
   10.961982864518927        1.5100715371580216        16.724608995184802     
  0.45606210614264814       -1.3907446524533076        1.0071396959808876     
   22.934684475790128        8.5466060253574163        25.434271287482538     
   1.1393012536053673      -0.97585520564063111       0.27869826388691699     
   21.749972000823206        23.490650460673226        4.1691567287545581     
 -0.16545742141316874      -0.65955219076294003       -9.8743385230807244E-003
   5.7406239898730602       0.37529050291956428        16.483242387829012     
  -7.2788030488507805E-003 -0.15413415390643456       -3.5589555452574060     
   20.286893033467184        10.502104085268694        19.853698708066620     
  -1.3009596792716465      -0.51095394314850839       -2.0969432954210530     
   2.5025058140369159E-003  0.92611349123654307        5.4022757774454160     
 -0.64141185042436044       0.62348090940190348      -0.90417242823903488     
   16.406102106852593        11.710044806905451        14.779695807646002     
  -1.8037490900052502        2.2972098018919449       -6.9608148372742387E-002
   17.848050578408746       0.10927279731279015        2.0568321836160930     
 -0.72717738335213067       0.45463786770534692        4.2807956261342275E-002
   11.851257723684176        16.020422352371011        2.7493725778451212     
   1.0349274006389000        2.3677802984714664       0.59869895339153067     
   1.3077021150550154        25.966149291407795        21.020946844842577     
   2.7587541360431662        1.2799984393113613       -9.2582227095742500E-002
   21.768797962658425        14.922874471995739        27.795164154176831     
  0.37865465420710276        1.9943324060230345       0.75567458018337286     
   20.416026963819728        13.437676689556993        21.729890963684728     
   6.5077081267126457E-003  0.40715055539871697       0.36101371516632819     
   27.518810453721702        2.1048837525818369        19.916133941676339     
 -0.28943956923993192        1.9841716726851664       -1.5521186452822726     
   9.2405982365818371        8.3187749358424075        11.683392379139214     
   1.2026546800483009       -1.9372859333749441        2.4655316259570283     
   21.921133445060960        10.465440349251876        3.0164485261204157     
  0.94209218483598811       -1.7422395495584784       -1.0699283148871548     
   13.574895493910345        18.095879815230543        12.150388264790584     
  0.40927928735800562       -1.0057295270183098       -3.3098778147739467     
   2.6050839769583081        8.9956087674750620        16.509079583839622     
  0.78196118541030146        2.1675799780564922        1.8189262229604521     
   12.749772916553482        15.855158664077400        21.596186257301433     
  0.17468309156473949       0.47671656174115323       -8.3410222837798656E-002
   9.1275801526641978        13.843333210204356        8.1672125333344709     
 -0.12833777576262548       -1.2323199210272813       -1.0577488951051701     
   1.2416579386662405        14.229933837353713        8.4155568712559354     
   2.4476153660711817        1.2388797615748750       -1.6110733276618625     
   15.601316014367333        23.544111584428766        19.757718758560070     
 -0.84541312533298429        2.8285948718634106      -0.34094904346971450     
   9.8711787018526493       0.37441581622400560        12.496345669411085     
  -1.1621011967787789       -1.8281747689107397       0.98377564103136272     
   16.882066534219536        25.380095402967100       0.31007277464828809     
   1.5375736740512187        2.1840242196544088      -0.53327860246549907     
   6.4323686378825213        5.3945241203078371        27.436198710182445     
   1.0685868791649156        2.0509776229320771        1.2827631064859548     
   1.4368544738724784        16.762310664002527        1.9503890224767042     
  -4.0037577682694336E-002 -0.35096087391113229        1.2075066948418716     
   8.4730820967146645        1.5880398932481308        19.415742985218461     
  0.46215081257760382      -0.22152553081904688      -0.25964942677657971     
   12.582267977303173        20.054925828030040        9.4998069141987962     
 -0.13831635792955407        3.9392349032682916      -0.26900698145016561     
   8.4283816081166005        18.821839617383283        9.9010349746908517     
 -0.32616226916552116      -0.13762080911252136        1.1178333420158961     
   23.189382702117797        5.1095363487075076        23.815831619529828     
  0.79334648177301925       0.34838759664629737       0.88742209306251896     
   21.710281385099311        9.9974928544637596        16.421010351357221     
  -1.0947891917500732      -0.43065085423510707      -0.68503505137639686     
   24.734715866020178        4.2418336996055546        12.576323194921502     
  -1.7787928839447442       0.36032218534610039       -1.0269035409701222E-002
   24.416225148304367        3.9024808904817045        19.888989963760185     
  -1.8136198011024911       -2.5182193638665478        1.4802949726242607     
   16.235530619088532        5.5473587130234385        10.358729152295428     
  -1.6390173390686278       0.21361401255880277      -0.60677637861646971     
   18.500531207525807        8.8183938552816947        15.398440298983067     
  0.78168358408720207        1.9592912141191408        1.6397539696207366     
   24.209531759195492        24.988681207255272        24.035668562328713     
   7.4199216825264383E-002  -1.8166433760252694       0.58737545201369878     
   6.0449190575615752        27.664838432672013        25.308483304241602     
   2.0239511820300899        1.1365514938400987        1.5908680986203068     
   19.538139978324448        1.6787805446200779        25.549033578976275     
  0.56586569436205725       -1.1355608135571102      -0.33657589517611514     
   23.915403076363855        27.022145975591755        20.010669154154328     
  -2.4163158068535018        2.6592100207169982      -0.27828703263967985     
   1.4047685490779711        10.554781743173486        2.3022417959750774     
  -3.1753697792265392      -0.46733053183305245       -1.0100963737208166     
   24.043474407469894       0.32042486509259716        14.021169282704856     
 -0.91087505416412806        1.6058783026125734       -1.9274509332811440     
  0.41678385032969734        14.226993751146432        4.4002459325380991     
  0.52153943469150166        1.1011446184411950      -0.21933750660607138     
   27.831530999694547        9.8359717632589643        20.630405007842324     
  0.16832902299339081       0.44320511084774988       -1.6333802539569471     
   15.530757964219362        18.465975888936143        15.385820992316090     
  0.59278506016761512        1.9897376541161595       -1.2748314599616692     
   20.071380829923822        12.414363958006037        14.808713301984442     
 -0.44548915277097656        1.1364444183253541       -1.7462071969569799     
   17.951961529655186        26.146131013889594        25.715219634595250     
  -2.5251082445869222        3.0653323458701736       0.96635022084112177     
   17.710833289956774        8.9645386112291128        25.758730871739072     
 -0.83227234814550577        1.2606319547730840       0.94952507304244327     
   1.2879177397980930        20.073197155816256        7.7446953690059779     
   1.1857759864202666      -0.62634334855517060       0.87734404986346159     
   12.090906930622777        12.408687242599372        2.6366816379739562     
  0.84614216671654252       0.86109568823416627        1.1356104253575463     
   24.768464298127554        10.249461795139432        7.0336485583413513     
  0.69000488940195270        1.2236529787483172       -7.5504998145827520E-002
   8.5623416425103827        27.027947678375099        6.1966646609433305     
   1.4091979461517534       0.21177685661605683        2.4996021041221521     
   2.7222482625741518        16.579191096890671        11.262134223514581     
  -2.3686823838341819       0.37531219568839758       0.25340121562872053     
   12.606843941871492        5.7934395193402288        6.2321069177688493     
 -0.85599017025419766      -0.85301201791942882       0.75686560552835969     
   26.673839224519423        9.3332813476990086       0.70820277143111410     
  -2.9055296076192127E-002  -2.0947476209671025      -0.79846046176401697     
   25.346390985240852        27.499729908800262        1.1754813840830898     
  0.34944794538741303        2.5857654159935843E-002  0.19207033714111615     
   14.452881150601829        11.655535851153241        24.101506573687093     
  -2.7193256483784074       0.86865278613448316      -0.68923665604140871     
   4.1922692321085666        5.9907539634944476        20.774459757699820     
  0.55053426743950784       -4.3857181974632682E-002   1.2224195286575859     
   8.2783789479828584        8.4047076439129427        25.828398310537050     
  -2.1650308615620002       -1.6472798169362299       -1.8614749183682706     
   7.0041145752552216        21.153043455565840        15.458516254364858     
  0.85859009729663072        2.2927947774080804      -0.23099554478178155     
   19.640373436520996        13.622767359597008        18.252392997825709     
 -0.35973488280327887       0.93193932329675855        3.5341027165388406     
   9.8321604616062164        4.5851739464921693        26.760633334936859     
 -0.36394604685301946        1.8738576126062243      -0.20515488467290405     
   20.927391200835299        1.2270215840027441        10.847001215585497     
  -1.8140391145507044       0.37121393636280864       0.37640484128565255     
   16.137986869431383        24.512392891047796        7.3065105749964099     
 -0.62570664078810356        1.4108686955755987       -1.3867981128354621     
   15.920598546290059        14.154202681233730        2.0879995709678791     
  -1.0429533752270854       -1.0279743812991833      -0.51229393345365815     
   1.4706460909055474        17.546609500886742        18.831045035404042     
  0.52342882575252969        3.9894921349625148E-002   1.4832674466620144     
   3.3585050390261841        19.583031583644779        14.805702459791030     
 -0.71911854021819444       -1.3138430742132525       0.98700709521348173     
   18.420965000284031        13.046527695230614        11.430745308068124     
  0.43816810691212049        8.2923894860952085E-002 -0.54852235242728442     
   19.312219832810946        15.776151532123624        13.265644717033057     
  -3.7098245859355762E-002   1.4155888537753871      -0.34762978553928447     
   24.297430614406341        6.6815837788896246        16.964811346229940     
  -1.6736170885761725       0.20857011174282711      -0.64324469631593217     
   27.975822960106676       0.16579311916553105        8.9511908920684373     
 -0.32170909453301283      -0.81378732830008771        1.1295227778102637     
   19.620494556041049       0.17201286205719959        18.015619933375316     
 -0.53615248960756279       -3.0014987421860253       0.13293774332944980     
   25.193879048935699        25.967930649748528        15.383411183395502     
  0.14627131054681847      -0.51354355218306647        2.5022659886174599     
   2.8762092282380833        15.930496491292180        27.260187363116568     
  0.83000916841652583       0.26322344312087526        1.0007728117467256     
   27.773486942321711        11.644392140125293        16.923099503222939     
 -0.99992575710079523       0.56484434987056464        2.2376730823221442     
   11.503066229925052        25.551671938499297        7.6877269418436320     
  -1.0063883811870062       0.41136414224027379      -0.52506996026896913     
   19.320038224607845        22.779557817665779        19.777366186342160     
 -0.90650393210188884       -1.4758917651780481      -0.36233240433156033     
   26.252482310770201        19.989840928812260        6.0772705928601498     
  -1.7056990180940221      -0.48629164301172834      -0.63228259257813901     
   4.7347788801820538        22.475799400937568       0.78311243760628402     
  -1.1405520490780374       0.83682852913939842       -1.0032821925540070     
   8.9832065762918631        23.221309402312539        7.9126639922927300     
  -1.1557354550347012        2.5226557602971926       0.68825409964079554     
   17.760721952896834        12.440106647574950        28.146163860696785     
 -0.78287204771274133      -0.87948104354653533       -2.1580340407845919     
   14.404816744459508        28.566091150936451        23.774611396728034     
  0.65855224423930536       -1.5710591655806905      -0.53940026758618953     
   3.7397260646048078        19.042277914866180       0.21307103211243400     
 -0.14945069834013638       -1.5980936536861765       0.22570672546351250     
   18.141848777924945        20.556013161158926        22.329573065210038     
   2.2765145726728897        1.2004929606229107       0.97599340281527980     
   7.3375161336410821        23.813390019256971        25.040823281939421     
  -1.9152951134862595       -2.1972113211690609      -0.65570244320695559     
   24.140529319331105        10.041709660365989        18.797774121236447     
 -0.59895589308716735       0.59019970389813714      -0.94017509127369103     
   22.817729069781077        15.196295837245385        11.975523684678469     
 -0.85229689090968586       -1.2040822662634039        2.6433337900999696     
   7.7903408024544580        5.1470989872265704        18.833200667571013     
 -0.85162168056929932       0.77845310402408630      -0.40337372254608167     
   9.8582506724892696        10.438480496606713        22.762642803558329     
  -1.8892511732622912       0.62393332925072753        2.1585569979183883     
   20.855027077244522        18.905974816075098        19.881571092646400     
  0.68955847281537042      -0.57436998912943460       -1.3944847615700697     
   1.0227982291094779        3.3730973885503488        16.689208906893271     
  0.17351104450547575       0.33835736573387271       -1.5417222015638123     
   24.670805545522228        7.5247483606255754        2.9784616699323467     
  0.23239402110131796        1.0854018051175074      -0.89925163512955508     
  0.39287093056868366        3.7957404061556130        8.8314636810526643     
  0.17875393700145159       0.89142500364256605       0.38248854189501197     
   20.216679828365301        18.282175314813941       0.38401602456094469     
  -1.1952214195575386      -0.37392521778142718       0.92668311223682953     
   11.795340853124788        16.745140570955449        8.5411930731089321     
   1.8097625889254692      -0.75503304890562173       -1.7133670582352252     
   20.359064203978498        7.7518950044410886        22.527555312522558     
  -1.1566434330387279        1.4507175651351960       0.55688999983058829     
   1.7935115013453391        4.0754930263487674        3.4753905828878486     
  -1.0287945296269092       0.19041698456208589      -0.97138208096234346     
   20.718753923466934        1.3212730815898697        14.715212869785878     
   8.5230168095386832E-002  -1.4476227880389894        1.2430814081963970     
   4.2055938109357722        5.6428160177536126        15.436719156124521     
  0.16921186441445293        1.2756876735963969       0.54824191388112342     
   23.656678340400475        1.0370142528008450        17.739193565967046     
   2.0019246115289300       -6.1845916350142791E-002  -2.0049047082858138     
   18.350446302086603        15.514142188163149        24.406432492166250     
 -0.43795443360642244      -0.92807999389139817      -0.54176718644250266     
   12.312525426681617        20.011995487047951        17.372392367608672     
   2.3778237165474523       -2.3847306144119242        7.5470382351106521E-002
   1.8174266880155217        12.732631292752458        21.796092811337736     
  0.95664455949389005      -0.48966099182484862       -1.9399624073101163     
  0.73758111254199221        8.5944580508762574        27.679332931690574     
 -0.44536105367773093       0.59966220220062993       0.50392868628661580     
   27.809654901572092        25.841563185208738        18.194933876966079     
  0.40047817127214436       -2.3814440051650432        1.6726775135966572     
   28.519318176331602        17.772925988136752        5.0644785915000323     
  0.71473686394287983       0.23329159047334583        2.2647491530264703     
   13.076377127827154        19.538005878363560        21.290323450283271     
 -0.12693397674289331        2.1397841033826670       0.98657890832926731     
   26.885192399305858        17.444804206024550        24.675446192064513     
  0.66022515967482009      -0.70978253613049458       0.41313080797148583     
   1.2154344963704431        21.632584742872389        28.166448877980514     
  0.53212359074490789       -3.9407995878727298       0.79418709451250558     
   27.270111547570469        23.280868519103883        13.513124734749081     
   2.0032908376406686       -1.0125166044633769       -1.3030350173934644     
   8.8250912153789240        6.5567150299000394        4.7339192305103399     
 -0.48085268288862015      -0.85880475179589855       -2.0108818528545380     
   14.304100769511921        28.048994923526834        13.741606524712637     
  -9.0813653612752676E-002   1.1464335590408701        1.1819478279187106     
   15.591330219087961        22.036011401036117        16.583257341498665     
  0.60665450403413390      -0.92375401406973146       0.14994726775624972     
   25.391664092058548        27.329422457018921        26.311454032386617     
   1.8396968710544330        1.5039880195985516       -1.4518484272288530     
   24.007087108501452        2.5355372960570972        1.1925889018962297     
 -0.54636557514119077      -0.37105044559951716       0.83562776873218669     
   26.115905076739207        5.5127999749520189        28.679078510304446     
  -1.6684209378516879        1.7237783243335059       0.58290365736378424     
   24.454744045786548        1.7698869102022536        4.7757907204341583     
  -2.7064642897073430        2.7810040240326979        2.2780984554009240     
   5.8339993508744064        14.612564508003489        9.2363325927404674     
   2.6856771867804317       0.19908151220188811        1.1768263129894190     
   28.111883739926512        6.9664357977299245        13.664442120026035     
 -0.40526858765395923       -1.0345918856338117       0.36533223941911003     
   4.4955088453951166        15.448205750542407        21.295224709122088     
  0.90890239099037062       0.95561776697817047      -0.37755594156067929     
   27.806982171435838        28.134038833021428        12.565652743518035     
  0.82231725774235054      -0.65851450206915907       0.85678429241513543     
   14.493792570867182        8.7927494801912633        16.393238361384093     
  -1.9477222245793149E-002   1.8727019904358932      -0.77494605081012924     
   2.9803600446550793        1.3861520552704530E-002   22.369290105249199     
 -0.46323060702100183       -2.6787807733648235       0.39270260666232648     
   24.374699686131148        18.885023505841591        20.484975470941269     
  0.49221698142149650       -2.7556769355391180      -0.34751156349326912     
   1.2776948910310439       0.16104457530746186        18.652242966617330     
  0.62119221790492485       0.22903329857665145       -1.3224237308436657     
   20.308903102110097        8.2765563506676720        28.568503597145938     
  0.52932456893677471       0.38623529773441045      -0.81401211210725033     
   6.6422677965515646        24.409534184248386        17.379444622931715     
 -0.79042147311583710       0.11859565814494881      -0.74589450395754719     
  0.35691898979415226        13.848158071554817        26.099889379092470     
  0.91338203658579475       0.22267045714483957       0.90376888168613956     
   17.283651294121565        15.391301609808758        16.191042608090136     
   1.2936691137352239       0.27599335595221752        1.2497017777346624     
   11.146297437849482        11.158470506850277        9.6648843514559530     
   1.6262773126276489       -1.6008785846248403        5.6497746725184712E-002
   9.5239591360305447        20.477953793438278        24.181965842252147     
 -0.75120076456524121       -1.2144343553004262      -0.44169786428123842     
   13.500895262820546        24.259304756128632       0.84133978255609709     
  -7.4189496578792133E-002  0.83084839290994861       -1.7028365459578487     
   18.934460513465996        4.0146178962798542        9.0132484135660906     
  0.41607273299259462       -2.2978662314956182       -2.9425527113445392E-002
   28.216394808399084        2.9770215799691906        12.852689547336691     
   1.3488119194925154       0.64473711267948597        1.9425362237245631     
   17.542474603211399        5.5891258670720507        16.390557669608242     
 -0.67453450376463864       -1.5773677155409189E-002   1.4240020104924722     
   20.682782610669896        17.073155631663500        16.914033036372835     
  0.31356367557066234      -0.73624297200426769        1.4281777124518480     
   9.8546941582109664        8.6586937537412183        7.8929806067276047     
 -0.13436230497424706       0.30701811849249555       0.52890268158064790     
   13.897255523216813        9.3989920607369299        20.337866805108579     
  -2.5700569680159417       -2.9003241561870792       -2.8634050072980659     
   22.273467648488520        6.2334323828497711        14.088522660846925     
   2.7058184508186542       0.13625572494029622       -2.1083113135319579E-002
   13.811336551987514        4.0499718940912812        23.377503947597276     
   1.9001230884401645      -0.27161683623919208        1.4956940805067522     
   23.792211453397059        16.458867280103945        15.354127649918480     
 -0.28896870187100876       -1.5772160568972051        1.9989870936923886     
   5.1991566131980322        27.528166871604675        20.065029449254475     
 -0.55724239993641078        1.3286939530275568       0.32485657692072956     
   26.592024798042203        15.176341014892522        17.592987465035801     
  -1.1519744925258089        1.4023321279344960        2.7058264917300767     
   24.930502537052789       0.57385196250337089        10.786384983226741     
  -2.4284069029564677        1.2701904058127358      -0.75401169111232869     
   5.6825683601210804        4.8551074567453689        4.2901648449880341     
   1.0111915596476977      -0.80653315542857440       -9.3503861738646304E-002
   9.5039143647778968        27.204574192493151       0.58559460257564111     
  0.78398388363116811        1.6017538314521735       -1.5251561296938101     
   28.367734127483807        26.325947810429529        24.758291609652851     
   2.0490298035032284       0.33569983294936012        1.0579936408356161     
   10.237148338332725        19.620300441656607        6.3238911718540596     
  -1.6692460323944420       -2.1428292903220028       0.84978746890088541     
   7.4047077066666915        1.1874945863613475        27.860031177927787     
 -0.19131012231284966       0.56796241637604938       -1.5496386495232124     
   13.946319125130103        16.726060959902412        5.9070458748489436     
  -1.0639836946983909      -0.17746410383971090      -0.11346735506553755     
   20.445181498295671        25.649046228541806        1.2503959029261504     
   1.1575234862819685        1.7558168566805237       -3.3227753801935900     
   28.176751919587701        18.296186498568044        27.904575662445541     
   1.4852045722502663      -0.40247905968592362        1.6166851322919529     
   12.543493512367055        21.507432203396288        13.629063187577353     
  -1.4327218377311366      -0.62139814729980491       -2.8654315263797112E-002
   16.492511274508626        28.633381891349675        16.522469487031227     
  -2.3868151191241571      -0.90041736341101131       -1.8911217436297272     
   10.054028914774181        23.635911587790936        15.775531237243941     
   1.9027749937044358       0.59146442370090402       -2.1055410664859626     
   7.8717557150098374        27.877563917443258        22.192855720575398     
 -0.85151438973058891        1.9557479283253569       0.99496944597802772     
   23.139700781606837        13.451540971088832        5.7038876922868473     
   1.6707445272403492        1.8478116518051917       -1.1664536244181645     
   3.8429788537378768        14.136665838244014        1.9044855559411549     
   1.2087334477364218       -1.7197291581438465        1.7670226849000941     
   2.6406189007026293        8.6303844472167288        12.698767472062759     
 -0.10728991040314081       -1.5081714579155989      -0.25961436351937411     
   1.7956343845235230        12.039144402451896        14.347911479891422     
  0.91814984467419347      -0.29687700690202995        2.6438492132130769     
   14.829402603683945        23.942497789968744        26.282392823916457     
  0.72017620287349393       0.28116452136604386       0.19509097770094028     
   1.3855305403762197        14.380020822545349        17.949277582130144     
  -1.5005979469946573       -1.6171694603399944      -0.70933265456361516     
   3.6021209292443834        17.500278945822107        7.5077605558138645     
  0.68536203189208866       -3.2918514011880311       0.13437592390493447     
   27.561495262369029        7.9894600218699905        17.174872544194475     
  -1.1397466928148441      -0.17103409640379724       -2.1088545548100286     
   27.986955950191657        25.107767708963856        4.5754393302187085E-002
 -0.82149275018353685       0.34923913937108364      -0.24016791176088398     
   14.157761164300771        3.2573676312598678        8.5458915341743715     
  0.87780550385626577       -1.7959089053155803       0.43734513380378054     
   14.115240561009367        19.013242206150160        2.7156381012654780     
   1.1371105703766287        2.3465658311567373E-002  -2.3887548839449715     
   6.2169859648570513        25.832658666314167        3.2632724055393303     
 -0.46612505847930913       0.85791841831664395      -0.51769435470662029     
   19.679652695403110        5.5579572559200940        25.616386603994510     
  -5.6175181307327397E-002  -1.4470279206554890      -0.56950820740434072     
   25.436583774373663        22.573781004865104        17.695710541143541     
 -0.71891646381919749       -1.0215342160322800      -0.20977517418356015     
   15.423640774777224        16.750675014683736        9.3500254708286885     
  0.71847304302677095      -0.13799166206933222       0.60788449658367449     
   15.786852094840635        17.692597792525554        22.655141373364906     
  -1.0498122660776747       0.96021533860396791       -1.2143535059494639     
   21.117450511598847        1.1734580677330444        7.4891818220533839     
   1.6849343494086184       -1.3541139350258484        1.5319762117645312     
   27.073743757179159        18.729888090156333        18.158437193535342     
   1.0882749416869659       -1.9106399655956054       -1.1602462613931972     
   1.3197741267244147        19.442494434459913        24.981539535564039     
  0.80356738864582855       -1.3394894944239424      -0.92536339392619871     
   15.761383828524894        8.6532639549977439        12.955953322506526     
   1.1172010182541983       -1.8568459869546345        1.0698477698077633     
   8.8659077884399604        1.9350871388796189        24.191885580835432     
   1.3700707356105173E-002  0.51035281578916036       0.24570298796432413     
   19.878102139822083        20.212636068225358        3.1769891704740831     
  -1.1480225348123136        1.5258500108719562      -0.26978263894320964     
   9.6680987179082933        19.254259972559613        13.721918691450018     
 -0.87025188614079496      -0.15677419213654969       -1.4938296769323618     
   18.129731138764356        5.3598195084284992        3.0628902797300785     
 -0.26942257268319786       0.25485893092096318       -2.5510571702610227     
   11.361592955353634        25.833930576321091        13.512202498567552     
 -0.29811087505381079      -0.58951362479986102        3.4427155149916594E-002
   21.685018418889516        26.724408701605746        15.624203594809487     
   2.4289832559579798       -1.2330614420670358       -1.3469069907560363     
   22.847058802584804        15.539961633980598        19.335284667355580     
  -1.8378908952158945       0.15518035349401851      -0.16981283178723958     
   4.1279157846685202        13.599727811957575        24.567256563600957     
  0.90639624777042627        2.1544593597657888       -7.3564265457731010E-002
   5.6281732883563320        7.6815830340077316        18.090495823621481     
   2.8815694757737602        2.4487631133257921E-002 -0.25468826976174896     
   6.8121832658236583        11.999416791587167        22.468542708353979     
   2.7906197727950822E-002  -1.6863635397800354       -1.0466532697918929     
   6.1795543233798647        17.878812242842198        13.214380663796648     
   1.7170554676354663       0.80008268957454776       -1.1398501187725627     
   21.528320726190941       0.14446381260021174        3.2339994342211225     
  0.39650071394701863        1.1826847780082235      -0.38777837998281284     
   12.045784069039911        21.629883559700563        2.8707257560997790     
  0.81812502449029911       0.40423677110719158        1.2827965753149544     
   20.636850113468423        7.8987018308581947        4.8579586308086826     
  -1.6802722657506015      -0.96485262006713679        1.8177646917800505     
   16.285225859951751        24.363716989519936        23.092846104566668     
 -0.48432087881857411       0.13342316077367297        1.5952019823116022     
   6.8334035778145941       0.83939780407135722        3.0154054423905499     
 -0.39052761961598886       -1.4506347864519673       -1.0974324971880178     
   7.1489548295656506        24.695572717134837        20.975044780656432     
 -0.15829344510672583        2.2045558222809380      -0.24902115109144765     
   2.5517124538752545        24.879845757960744        4.9804937601351948     
  0.66759054673828400        2.7422195485506227       0.50084738658921668     
   3.2548788841787872       0.66824499166085516        3.5944212007866452     
 -0.31280512913533481       0.92699150552162712        2.4928700414455229     
   14.543210294334351        15.214288024578094        24.948988218041304     
  -3.1535166615844892        1.5691780663328814      -0.59241966305027627     
   21.358901559636184        11.705880901328161        25.368053537518740     
  0.89801637269826096      -0.37473041868011059       -4.5532153371452805E-002
   14.907040314221288        24.615141422968303        14.394621794718725     
  -2.5978478628094255       0.25781453153828321       0.18297749635586782     
   2.5187472892153471        24.941641177808890        26.914006688559262     
 -0.75180739922550877       0.34569976634197191       0.61756208400491430     
   25.590261666603297        19.630232795711542        14.537545601396568     
 -0.66594169855181695        2.2544212192239983        1.9116415791580950     
   2.6790889566202427        2.5898802819840250        6.7244264028613738     
  0.54532189992653235       0.61759461236510727       0.58473261627905382     
   11.384295058442843        15.497976708826554        17.698684765626687     
  -1.2712301099069767        1.7266224076900025      -0.68998413188832042     
   8.6840274712286085        27.515328624036083        15.303049721576587     
 -0.67242450826151912       0.74725481569479890       -2.8071738269316273     
   26.353880021882322        4.1961456202011727        15.760171013024511     
 -0.67096612225644536      -0.99976313132360639       0.21029404589876990     
   4.3268969900221164        8.6948804487076341        26.744378841987736     
  -1.5181886398118400        1.3457420526456534      -0.20637750283679673     
   16.673312697925237        19.924422935547984        19.314563012466120     
  -1.6536638551846763       0.26598671684014130       0.92817304099787246     
   18.472786559687425        16.201759354428184        20.100766361499879     
  -2.6994539104835793      -0.49007052930194483       -4.4051099933014966     
   24.090897268328490        24.520878497280904        28.234509477916490     
 -0.88411367432678722        1.4126872091885214       0.28865225782325210     
   25.144988204669133        19.940426612816534        27.559931390791640     
  0.53548793475484058      -0.86973273890984715       0.68828994952893929     
   3.7823191432451080        10.329099757896783        23.564419094342860     
   2.2242922825042415        2.4406898658302238       0.88374982800720492     
   7.9000436417292468        11.077136913617235        2.9555452601271051     
   1.4096820531417249        1.1859173163810903       -6.0544384740774532E-002
   19.152886976687402        23.084175975912434        12.557669493420052     
  -4.5792110387925390E-002   1.8126721592625019       -1.4696250777079181     
   17.124601002694575        19.014138993632823        12.217183758570318     
  -1.4298204759443427        2.2586359517769652       0.74498268041030513     
   14.000474879766646        28.147713722611876        6.4366673481021257     
  -1.3875677182610382        3.0324600622109119      -0.89189473886045934     
   16.357017078129299        21.648395742025098        2.7330646962762808     
   1.0934164501496479      -0.11313736554413198       -1.9712872258638716     
   11.054037361574549        23.946066818357632        26.447358128934241     
  -1.5135012638029359       0.51003169746034438       0.21978024450668593     
   26.825654123057909       0.40062762208959984        16.815132668788799     
   2.6090792636774376       0.64521979034622534        1.4403100588438817     
   7.9056457022465567        14.213793663561589        18.411380116307882     
   1.8551180187932423       0.98145426345321185        1.6481480718532666     
   18.093741880290896        9.2313049205729687        2.5865849975964652     
  -1.4601993681059500        2.2156146381266719       0.27795262550902977     
   14.931825287759001        11.518157314823052        11.348877060198332     
  -2.5500624180593365      -0.11937188626557806       0.15110911404794647     
   27.473838196189170        25.299156710751124        7.2268954589676673     
   2.2322126220870264       -9.2934769333719830E-002  -9.7906236755423134E-002
   18.035601361564510        24.550828847376991        16.283505617409833     
  -1.9520610516150234       0.11573399020831590      -0.74495062143893620     
   13.502332400651225        25.829535453417531        21.698707101600395     
 -0.42731734183935566       -1.6933902441403375       0.12584201869353123     
   13.220163124832528        26.141712702591153        17.209656357519847     
  -1.5607496917687727        2.0205402870769325       -1.8863134202981406     
   8.4685054920304879        23.274531310137021       0.91649157384220281     
   1.1997968724580172      -0.23838797818747900        2.3190694419055675     
   19.991647190006972        14.244597349304899        2.7646998582504669     
   1.8519738868597904      -0.33721747543366992       -1.9071476087956143     
   6.9845673477731491        24.310771697454353        13.701576267080377     
  0.32682902132973929      -0.90516135660286079       -8.7698358311691607E-002
   8.9002735410757392        21.489920236713122        20.559680016246361     
   2.1871220499275936       0.38145745217764088        1.5522524114362459     
   8.8861620512068011        25.846181415021132        10.437147427974732     
 -0.12542954158958911      -0.36349626725429773      -0.90154188775004707     
   7.1244563456303789        14.516216157168154        15.015904967762324     
  -1.0018925194309154       0.54045705696424018        1.0829514854038480     
   19.329165089053244        22.393958445360234       0.16348545053571523     
  -1.2463889777960535       -1.7687676432301045       -8.4035338914637936E-002
   2.2725548378200071       0.22598084425975615        14.934919596309189     
  0.44596832755149524       0.13107720756853894      -0.86062868029649042     
   12.304009989586479        5.2949073953656791        1.7134123529808205     
  0.46306920770027876       0.46150476643792754       -1.2646600120031699     
   11.340452232526051        28.173440612325280        4.1379183543944942     
  -1.0378057827403844       -2.5255739070696244        2.6659006187137897     
   5.2700520492245078        17.512251409381388        4.0982371515199034     
  0.32315511459699742       -1.0790152884740385      -0.60703673778247447     
   23.930055394259043        17.573990865795061        1.4137772612975690     
   3.9382898047022676        1.2711566333132289        1.2900392790310464     
   28.304785132780562        12.934356867398577       0.72020463667748369     
  -2.3278958871689164       -3.1950458800306500       -1.5746464841442125     
   26.830659844376648        22.149273681884239        9.6791491096345101     
  0.14459411393808164       0.53695459389492062        1.5726299970364281     
   11.174563870247153       0.43213876121498179        21.956593406992688     
  -2.0522471607304054       -1.7708021874422377        2.4536575452742331     
   11.590314109689995        17.540490604105365        24.607944826043081     
   1.8896125612852948       0.65237512711899004        2.4613987617392872     
   11.073069267813063        5.0596271429221122        9.5133344429726119     
  0.85823958831806335       -9.0719413145203917E-002 -0.85866002732935420     
   27.154086740155257        22.766197249710839        25.749683608327750     
  -1.6998207384577140       -2.0162960361424718       0.91356820352088219     
   8.3717308554777539        15.504984565023619        2.8202788237542817     
  0.23975596248168538        1.8819606535717768      -0.23669091907422277     
   13.286395995157669        9.1203856652169950        6.2294670006602910     
 -0.47032103570853651        2.0130340263989024       0.43678089095977379     
   12.685080213250759        22.336838473901285        6.1541781313548247     
  -2.1008363738750608       -1.0040774113893087       -9.5475519806032610E-002
   26.600269293990721        6.4296153116529586        9.3145050861388672     
  0.10854341339418606       -2.5920940090511628       -1.3642047126832768     
   21.773930236306803        10.627295397968009        8.6393688104726571     
   1.3433300612323869      -0.41453742369931457       0.83434515434564294     
   24.114495913477338        16.165506541333006        8.8552747812060151     
 -0.25398390892584516       0.18976084906122939       0.92025950930344114     
   11.442134312221766        10.938118772766558        17.293613990540585     
  0.93464190772016942       -1.0660488800587133        1.4796988083930080     
   9.2868367816361737        14.622973832230901        22.347555548722227     
 -0.13047298903027171       0.29282571543722219        1.3735892934214418     
   5.0746068401580047        6.6638576336463755        24.343785211073175     
   7.0690749632203009E-002  0.68946837651707682       -1.3937317890864627     
   19.386480634955664        18.983793295655701        25.286212452411785     
   1.5012137034658890       -7.9197088595076258E-003  0.82169729779865752     
   25.825659582415259        15.531341508458798        27.433361176068360     
 -0.56294228022129389        1.0375114703422468       0.89552322473116008     
   5.9084985983842202        20.276820570113195        6.8080577834012006     
  -2.3418443692775837      -0.61473813893927698       -1.0647229651897296     
   23.625773257388129        18.705223732432852        10.979975405064760     
 -0.24744394255022156       -1.6312652887673964       0.15602257800568459     
   2.3084935028575413        27.265472110478683        7.8910233016253946     
   1.8969647577687903       0.67830064510642618      -0.27953118595163196     
   16.807671846534923        11.457460789316555        18.543858647845145     
  -2.7528455857876493        2.3577687261435250       -1.0860557416576655     
   13.952064329528806        12.893280730342381        28.099741688121032     
  -1.7552480585292873       -1.1563680464548334        1.2654372048331841     
   8.1943575529453963        8.0572793842251631       0.65125095684212497     
   1.2353503744504839       -1.6735324090745167        6.1379360865213034E-002
   13.783336861958503       0.40975497166318076        19.286667885434102     
   6.6679360440338356E-002  -1.1462223363738298      -0.35724347736337247     
   2.7015541105119039        4.9669000615493717        12.031003544900447     
   1.1136387731899373      -0.23035315356850838        1.5429680817282367     
   21.121873706418381        3.5682883611937242        17.952519408796807     
  0.92737489285594199       -1.8398644108599476        1.6104058309321434     
   14.068335634217981        2.8911743672650294        16.193461179964544     
 -0.41979243278729855      -0.85172066922803746        4.9248444894112710E-002
   22.227522479325010        11.918970776640334        11.842845152248088     
  -1.3493586832655395      -0.42280574637822854      -0.27497093400513445     
   21.258138055456389        24.677011173674607        26.325782683647496     
   2.1672298393048584       -2.5249184091148491       0.12473923577679123     
   24.126653274974000        14.452633995886366        23.675855614597186     
   2.7326600246512802      -0.73215140423066272       -2.4291898195118260     
   25.554451313243668        10.037327469534141        14.852997192608106     
   1.3723923043264343        2.3116919526757451       -3.6079524993722085     
   27.468742009329546        4.5592618223756016        23.540458907326411     
  0.53180475276128081      -0.24426163527113656      -0.81248626415029768     
   17.469925760420711        7.2275519394375438        19.637017652118679     
   3.1785101933560767       -8.5709563008689080E-002  -1.1857346829017423     
   19.311530714989882        8.0813413959617399        8.2209256484761166     
  0.88376188260461930       0.15416476424189376        1.9292979340100433     
   3.9425566142833568        10.621604589994467        8.0720572371575141     
   2.5823697368309806       -8.6015077574528642E-002  0.87954891270045310     
   18.014671450208059        17.236468989180022        2.6439279861962270     
   1.8796647539187552       0.66367276932130559       0.71974994535236492     
   28.694354563953098     
