     100   1.44759998E+01   2.02257776E+00
     200   1.29580021E+01   1.20064211E+00
     300   1.33173323E+01   1.04798877E+00
     400   1.33759995E+01   5.97259879E-01
     500   1.41415997E+01   1.34232509E+00
     600   1.35813341E+01   8.58280540E-01
     700   1.35331421E+01   7.50805676E-01
     800   1.33924999E+01   6.46459401E-01
     900   1.36595554E+01   8.08920145E-01
    1000   1.38775997E+01   7.18286216E-01
    1100   1.30640001E+01   7.23550975E-01
    1200   1.36069994E+01   2.82754093E-01
    1300   1.36501541E+01   4.76984590E-01
    1400   1.36840000E+01   5.69444776E-01
    1500   1.39567995E+01   6.13184810E-01
    1600   1.36509991E+01   4.31240439E-01
    1700   1.37590590E+01   3.93981904E-01
    1800   1.36962223E+01   4.19800967E-01
    1900   1.37766323E+01   6.75775409E-01
    2000   1.36356001E+01   4.23614770E-01
    2100   1.36253338E+01   5.24732649E-01
    2200   1.37660007E+01   6.22210324E-01
    2300   1.38083477E+01   5.47729313E-01
    2400   1.35684996E+01   3.57981592E-01
    2500   1.35942411E+01   3.38754416E-01
    2600   1.34487686E+01   3.70234638E-01
    2700   1.35585194E+01   3.70006979E-01
    2800   1.36949997E+01   2.55791783E-01
    2900   1.35762758E+01   3.28712165E-01
    3000   1.36502666E+01   3.91525894E-01
    3100   1.35945816E+01   1.78525716E-01
    3200   1.35685015E+01   3.19396347E-01
    3300   1.34266663E+01   3.88771862E-01
    3400   1.35015306E+01   3.78190458E-01
    3500   1.33785143E+01   4.40253615E-01
    3600   1.36167774E+01   3.93953830E-01
    3700   1.34188108E+01   2.95655251E-01
    3800   1.35473680E+01   3.29131484E-01
    3900   1.35407181E+01   3.15148175E-01
    4000   1.35519991E+01   2.70776063E-01
    4100   1.36915112E+01   5.40527344E-01
    4200   1.36106663E+01   3.93976986E-01
    4300   1.36113491E+01   3.07060659E-01
    4400   1.35529995E+01   2.31925681E-01
    4500   1.35725327E+01   3.35006326E-01
    4600   1.36792173E+01   2.56239325E-01
    4700   1.34143829E+01   3.91310215E-01
    4800   1.36656666E+01   2.54113257E-01
    4900   1.35906124E+01   2.20734015E-01
    5000   1.36549587E+01   2.82599181E-01
    5100   1.36382751E+01   2.86120772E-01
    5200   1.34673843E+01   2.83742756E-01
    5300   1.34947176E+01   2.85901546E-01
    5400   1.35829620E+01   2.58993089E-01
    5500   1.35791988E+01   2.31977239E-01
    5600   1.35527849E+01   3.05264860E-01
    5700   1.34493332E+01   2.20180929E-01
    5800   1.35163450E+01   3.27401519E-01
    5900   1.37212877E+01   2.18164474E-01
    6000   1.35849991E+01   3.08440953E-01
    6100   1.35101643E+01   1.71697333E-01
    6200   1.37209034E+01   2.33450890E-01
    6300   1.35729523E+01   2.53048569E-01
    6400   1.35506239E+01   2.38661394E-01
    6500   1.36867085E+01   2.68301547E-01
    6600   1.36999998E+01   2.90874481E-01
    6700   1.35217915E+01   2.30332151E-01
    6800   1.35882339E+01   1.47731766E-01
    6900   1.35685806E+01   2.47693792E-01
    7000   1.36123447E+01   2.43602812E-01
    7100   1.36381407E+01   2.75022030E-01
    7200   1.36601658E+01   1.93690985E-01
    7300   1.37020826E+01   3.03430885E-01
    7400   1.35835133E+01   2.53404051E-01
    7500   1.36423473E+01   1.80051968E-01
    7600   1.35861568E+01   2.92920291E-01
    7700   1.36240005E+01   2.38481283E-01
    7800   1.35266161E+01   2.19342738E-01
    7900   1.35146837E+01   2.23817885E-01
    8000   1.35624495E+01   2.16824472E-01
    8100   1.36899748E+01   2.51773775E-01
    8200   1.35326824E+01   2.11722419E-01
    8300   1.36946011E+01   2.51126587E-01
    8400   1.36143341E+01   1.81691527E-01
    8500   1.36311998E+01   2.75774628E-01
    8600   1.35560932E+01   1.68103337E-01
    8700   1.35702076E+01   2.39503384E-01
    8800   1.35619993E+01   1.68288618E-01
    8900   1.35762234E+01   2.05875486E-01
    9000   1.36497774E+01   2.22285852E-01
    9100   1.36458025E+01   1.63690925E-01
    9200   1.35907393E+01   1.60985902E-01
    9300   1.36338482E+01   2.64862895E-01
    9400   1.34630642E+01   2.44687706E-01
    9500   1.35932207E+01   1.76864102E-01
    9600   1.35506258E+01   2.01703176E-01
    9700   1.36359177E+01   1.79849952E-01
    9800   1.34680405E+01   2.51826435E-01
    9900   1.35475559E+01   2.45182186E-01
   10000   1.35436401E+01   2.60158926E-01
