   2.1067808049892145E-003   0.0000000000000000     
   6.3203424149676432E-003   0.0000000000000000     
   1.0533904024946073E-002   0.0000000000000000     
   1.4747465634924501E-002   0.0000000000000000     
   1.8961027244902930E-002   0.0000000000000000     
   2.3174588854881360E-002   0.0000000000000000     
   2.7388150464859790E-002   0.0000000000000000     
   3.1601712074838216E-002   0.0000000000000000     
   3.5815273684816649E-002   0.0000000000000000     
   4.0028835294795076E-002   0.0000000000000000     
   4.4242396904773502E-002   0.0000000000000000     
   4.8455958514751936E-002   0.0000000000000000     
   5.2669520124730362E-002   0.0000000000000000     
   5.6883081734708796E-002   0.0000000000000000     
   6.1096643344687222E-002   0.0000000000000000     
   6.5310204954665649E-002   0.0000000000000000     
   6.9523766564644082E-002   0.0000000000000000     
   7.3737328174622516E-002   0.0000000000000000     
   7.7950889784600935E-002   0.0000000000000000     
   8.2164451394579369E-002   0.0000000000000000     
   8.6378013004557802E-002   0.0000000000000000     
   9.0591574614536222E-002   0.0000000000000000     
   9.4805136224514655E-002   0.0000000000000000     
   9.9018697834493088E-002   0.0000000000000000     
  0.10323225944447151        0.0000000000000000     
  0.10744582105444994        0.0000000000000000     
  0.11165938266442837        0.0000000000000000     
  0.11587294427440679        0.0000000000000000     
  0.12008650588438523        0.0000000000000000     
  0.12430006749436366        0.0000000000000000     
  0.12851362910434208        0.0000000000000000     
  0.13272719071432051        0.0000000000000000     
  0.13694075232429895        0.0000000000000000     
  0.14115431393427738        0.0000000000000000     
  0.14536787554425581        0.0000000000000000     
  0.14958143715423422        0.0000000000000000     
  0.15379499876421265        0.0000000000000000     
  0.15800856037419109        0.0000000000000000     
  0.16222212198416952        0.0000000000000000     
  0.16643568359414795        0.0000000000000000     
  0.17064924520412639        0.0000000000000000     
  0.17486280681410482        0.0000000000000000     
  0.17907636842408323        0.0000000000000000     
  0.18328993003406166        0.0000000000000000     
  0.18750349164404009        0.0000000000000000     
  0.19171705325401853        0.0000000000000000     
  0.19593061486399696        0.0000000000000000     
  0.20014417647397539        0.0000000000000000     
  0.20435773808395380        0.0000000000000000     
  0.20857129969393223        0.0000000000000000     
  0.21278486130391067        0.0000000000000000     
  0.21699842291388910        0.0000000000000000     
  0.22121198452386753        0.0000000000000000     
  0.22542554613384597        0.0000000000000000     
  0.22963910774382437        0.0000000000000000     
  0.23385266935380281        0.0000000000000000     
  0.23806623096378124        0.0000000000000000     
  0.24227979257375967        0.0000000000000000     
  0.24649335418373811        0.0000000000000000     
  0.25070691579371651        0.0000000000000000     
  0.25492047740369495        0.0000000000000000     
  0.25913403901367338        0.0000000000000000     
  0.26334760062365181        0.0000000000000000     
  0.26756116223363025        0.0000000000000000     
  0.27177472384360868        0.0000000000000000     
  0.27598828545358711        0.0000000000000000     
  0.28020184706356555        0.0000000000000000     
  0.28441540867354398        0.0000000000000000     
  0.28862897028352241        0.0000000000000000     
  0.29284253189350085        0.0000000000000000     
  0.29705609350347922        0.0000000000000000     
  0.30126965511345766        0.0000000000000000     
  0.30548321672343609        0.0000000000000000     
  0.30969677833341452        0.0000000000000000     
  0.31391033994339296        0.0000000000000000     
  0.31812390155337139        0.0000000000000000     
  0.32233746316334982        0.0000000000000000     
  0.32655102477332826        0.0000000000000000     
  0.33076458638330669        0.0000000000000000     
  0.33497814799328512        0.0000000000000000     
  0.33919170960326356        0.0000000000000000     
  0.34340527121324199        0.0000000000000000     
  0.34761883282322042        0.0000000000000000     
  0.35183239443319880        0.0000000000000000     
  0.35604595604317724        0.0000000000000000     
  0.36025951765315567        0.0000000000000000     
  0.36447307926313410        0.0000000000000000     
  0.36868664087311254        0.0000000000000000     
  0.37290020248309097        0.0000000000000000     
  0.37711376409306940        0.0000000000000000     
  0.38132732570304784        0.0000000000000000     
  0.38554088731302627        0.0000000000000000     
  0.38975444892300470        0.0000000000000000     
  0.39396801053298314        0.0000000000000000     
  0.39818157214296157        0.0000000000000000     
  0.40239513375294000        0.0000000000000000     
  0.40660869536291838        0.0000000000000000     
  0.41082225697289682        0.0000000000000000     
  0.41503581858287525        0.0000000000000000     
  0.41924938019285368        0.0000000000000000     
  0.42346294180283212        0.0000000000000000     
  0.42767650341281055        0.0000000000000000     
  0.43189006502278898        0.0000000000000000     
  0.43610362663276742        0.0000000000000000     
  0.44031718824274585        0.0000000000000000     
  0.44453074985272428        0.0000000000000000     
  0.44874431146270272        0.0000000000000000     
  0.45295787307268115        0.0000000000000000     
  0.45717143468265958        0.0000000000000000     
  0.46138499629263796        0.0000000000000000     
  0.46559855790261639        0.0000000000000000     
  0.46981211951259483        0.0000000000000000     
  0.47402568112257326        0.0000000000000000     
  0.47823924273255169        0.0000000000000000     
  0.48245280434253013        0.0000000000000000     
  0.48666636595250856        0.0000000000000000     
  0.49087992756248700        0.0000000000000000     
  0.49509348917246543        0.0000000000000000     
  0.49930705078244386        0.0000000000000000     
  0.50352061239242230        0.0000000000000000     
  0.50773417400240073        0.0000000000000000     
  0.51194773561237916        0.0000000000000000     
  0.51616129722235760        0.0000000000000000     
  0.52037485883233603        0.0000000000000000     
  0.52458842044231446        0.0000000000000000     
  0.52880198205229290        0.0000000000000000     
  0.53301554366227133        0.0000000000000000     
  0.53722910527224976        0.0000000000000000     
  0.54144266688222809        0.0000000000000000     
  0.54565622849220652        0.0000000000000000     
  0.54986979010218495        0.0000000000000000     
  0.55408335171216339        0.0000000000000000     
  0.55829691332214182        0.0000000000000000     
  0.56251047493212025        0.0000000000000000     
  0.56672403654209869        0.0000000000000000     
  0.57093759815207712        0.0000000000000000     
  0.57515115976205555        0.0000000000000000     
  0.57936472137203399        0.0000000000000000     
  0.58357828298201242        0.0000000000000000     
  0.58779184459199085        0.0000000000000000     
  0.59200540620196929        0.0000000000000000     
  0.59621896781194772        0.0000000000000000     
  0.60043252942192615        0.0000000000000000     
  0.60464609103190459        0.0000000000000000     
  0.60885965264188302        0.0000000000000000     
  0.61307321425186145        0.0000000000000000     
  0.61728677586183989        0.0000000000000000     
  0.62150033747181832        0.0000000000000000     
  0.62571389908179675        0.0000000000000000     
  0.62992746069177519        0.0000000000000000     
  0.63414102230175362        0.0000000000000000     
  0.63835458391173205        0.0000000000000000     
  0.64256814552171049        0.0000000000000000     
  0.64678170713168892        0.0000000000000000     
  0.65099526874166724        0.0000000000000000     
  0.65520883035164568        0.0000000000000000     
  0.65942239196162411        0.0000000000000000     
  0.66363595357160254        0.0000000000000000     
  0.66784951518158098        0.0000000000000000     
  0.67206307679155941        0.0000000000000000     
  0.67627663840153784        0.0000000000000000     
  0.68049020001151628        0.0000000000000000     
  0.68470376162149471        0.0000000000000000     
  0.68891732323147314        0.0000000000000000     
  0.69313088484145158        0.0000000000000000     
  0.69734444645143001        0.0000000000000000     
  0.70155800806140844        0.0000000000000000     
  0.70577156967138688        0.0000000000000000     
  0.70998513128136531        0.0000000000000000     
  0.71419869289134374        0.0000000000000000     
  0.71841225450132218        0.0000000000000000     
  0.72262581611130061        0.0000000000000000     
  0.72683937772127905        0.0000000000000000     
  0.73105293933125748        0.0000000000000000     
  0.73526650094123591        0.0000000000000000     
  0.73948006255121435        0.0000000000000000     
  0.74369362416119278        0.0000000000000000     
  0.74790718577117121        0.0000000000000000     
  0.75212074738114965        0.0000000000000000     
  0.75633430899112797        0.0000000000000000     
  0.76054787060110640        0.0000000000000000     
  0.76476143221108484        0.0000000000000000     
  0.76897499382106327        0.0000000000000000     
  0.77318855543104170        0.0000000000000000     
  0.77740211704102014        0.0000000000000000     
  0.78161567865099857        0.0000000000000000     
  0.78582924026097700        0.0000000000000000     
  0.79004280187095544        0.0000000000000000     
  0.79425636348093387        0.0000000000000000     
  0.79846992509091230        0.0000000000000000     
  0.80268348670089074        0.0000000000000000     
  0.80689704831086917        0.0000000000000000     
  0.81111060992084760        0.0000000000000000     
  0.81532417153082604        0.0000000000000000     
  0.81953773314080447        0.0000000000000000     
  0.82375129475078290        0.0000000000000000     
  0.82796485636076134        0.0000000000000000     
  0.83217841797073977        0.0000000000000000     
  0.83639197958071820        0.0000000000000000     
  0.84060554119069664        0.0000000000000000     
  0.84481910280067507        0.0000000000000000     
  0.84903266441065350        0.0000000000000000     
  0.85324622602063194        0.0000000000000000     
  0.85745978763061037        0.0000000000000000     
  0.86167334924058880        0.0000000000000000     
  0.86588691085056713        0.0000000000000000     
  0.87010047246054556        0.0000000000000000     
  0.87431403407052399        0.0000000000000000     
  0.87852759568050243        0.0000000000000000     
  0.88274115729048086        0.0000000000000000     
  0.88695471890045929        1.1493838560472693E-005
  0.89116828051043773        3.4156220787697081E-005
  0.89538184212041616        5.6392512444994633E-005
  0.89959540373039459        1.6759645041743463E-004
  0.90380896534037303        3.2100568826411217E-004
  0.90802252695035146        7.8960025168580512E-004
  0.91223608856032989        1.5755113591096265E-003
  0.91644965017030833        2.4438620056923899E-003
  0.92066321178028676        5.2911265126433489E-003
  0.92487677339026519        8.8158940118786416E-003
  0.92909033500024363        1.4832536691877805E-002
  0.93330389661022206        2.2608918410727995E-002
  0.93751745822020049        3.6510295471408445E-002
  0.94173101983017893        5.3832959123978133E-002
  0.94594458144015736        7.4241500533747048E-002
  0.95015814305013579       0.10248947770601244     
  0.95437170466011423       0.13777165484481868     
  0.95858526627009266       0.18068686875366280     
  0.96279882788007110       0.24147795095256180     
  0.96701238949004953       0.30653283739220227     
  0.97122595110002785       0.38986335883900952     
  0.97543951271000628       0.47414050969084981     
  0.97965307431998472       0.57400947847978190     
  0.98386663592996315       0.68546489894726237     
  0.98808019753994158       0.81180279550712231     
  0.99229375914992002       0.92975773088851010     
  0.99650732075989845        1.0714980369854785     
   1.0007208823698770        1.2016767692195520     
   1.0049344439798553        1.3562220499572619     
   1.0091480055898339        1.4998834495857893     
   1.0133615671998122        1.6503061768830967     
   1.0175751288097907        1.7884981583733166     
   1.0217886904197691        1.9213194040156329     
   1.0260022520297474        2.0576579501112056     
   1.0302158136397259        2.1770698713701933     
   1.0344293752497042        2.3137213998615174     
   1.0386429368596828        2.4225155257266588     
   1.0428564984696611        2.5241583034981603     
   1.0470700600796397        2.6094177015328479     
   1.0512836216896180        2.7058639644161127     
   1.0554971832995965        2.7696617471835427     
   1.0597107449095748        2.8273530880190689     
   1.0639243065195534        2.8829510568689405     
   1.0681378681295317        2.9212356624271858     
   1.0723514297395103        2.9534366186948158     
   1.0765649913494886        2.9702451656110402     
   1.0807785529594671        2.9960301784065120     
   1.0849921145694454        2.9969848944924000     
   1.0892056761794240        3.0000073620896446     
   1.0934192377894023        2.9917918171997475     
   1.0976327993993809        2.9805817194026361     
   1.1018463610093592        2.9652398281920864     
   1.1060599226193377        2.9280709255111455     
   1.1102734842293160        2.8897220300955988     
   1.1144870458392946        2.8476824032143941     
   1.1187006074492729        2.8085699987587840     
   1.1229141690592515        2.7695904659023025     
   1.1271277306692298        2.7331213246963064     
   1.1313412922792083        2.6806714977176713     
   1.1355548538891866        2.6384669958694928     
   1.1397684154991650        2.5801628533098868     
   1.1439819771091435        2.5278817324948100     
   1.1481955387191218        2.4716469956363154     
   1.1524091003291004        2.4202303193436761     
   1.1566226619390787        2.3619190321627790     
   1.1608362235490572        2.3074220057661794     
   1.1650497851590356        2.2589061608385905     
   1.1692633467690141        2.2037798530801043     
   1.1734769083789924        2.1528854617524029     
   1.1776904699889710        2.1034570737801910     
   1.1819040315989493        2.0478162115764382     
   1.1861175932089278        1.9926479791509915     
   1.1903311548189062        1.9401928789303973     
   1.1945447164288847        1.8942504269362161     
   1.1987582780388630        1.8510567826163384     
   1.2029718396488416        1.8076084932495491     
   1.2071854012588199        1.7611963834695956     
   1.2113989628687984        1.7172829206610645     
   1.2156125244787768        1.6708632132737731     
   1.2198260860887553        1.6267989804373890     
   1.2240396476987336        1.5861493615541391     
   1.2282532093087122        1.5546491740880175     
   1.2324667709186905        1.5106601831861235     
   1.2366803325286690        1.4794660493952703     
   1.2408938941386474        1.4418600691975507     
   1.2451074557486257        1.4077729548784377     
   1.2493210173586042        1.3800212105392753     
   1.2535345789685826        1.3449914092264879     
   1.2577481405785611        1.3084215711142806     
   1.2619617021885394        1.2849763945226775     
   1.2661752637985180        1.2514982020083514     
   1.2703888254084963        1.2223906414004093     
   1.2746023870184748        1.1960888876402671     
   1.2788159486284532        1.1663413682999311     
   1.2830295102384317        1.1407152658208599     
   1.2872430718484100        1.1191589653798923     
   1.2914566334583886        1.1009439998882713     
   1.2956701950683669        1.0729182705408051     
   1.2998837566783454        1.0500323138780541     
   1.3040973182883238        1.0249735401564783     
   1.3083108798983023        1.0056246495281098     
   1.3125244415082806       0.98869666043504878     
   1.3167380031182592       0.97249635639925625     
   1.3209515647282375       0.95354931206497529     
   1.3251651263382160       0.93939042150070617     
   1.3293786879481944       0.92196355821011655     
   1.3335922495581729       0.90274991523211856     
   1.3378058111681512       0.88709917843204955     
   1.3420193727781298       0.87385601224376463     
   1.3462329343881081       0.86059137300540822     
   1.3504464959980864       0.85044985950590624     
   1.3546600576080650       0.83484984158377840     
   1.3588736192180433       0.81627313394058443     
   1.3630871808280218       0.80576929123581287     
   1.3673007424380001       0.79036850265121750     
   1.3715143040479787       0.78246242401464949     
   1.3757278656579570       0.77470989011104729     
   1.3799414272679356       0.75888430818392938     
   1.3841549888779139       0.74941464451142692     
   1.3883685504878924       0.74180019246520357     
   1.3925821120978708       0.73130795645970625     
   1.3967956737078493       0.72476136205023844     
   1.4010092353178276       0.71733580957228571     
   1.4052227969278062       0.70699143546924403     
   1.4094363585377845       0.69914741781561462     
   1.4136499201477630       0.68975082134225763     
   1.4178634817577414       0.67608604903852310     
   1.4220770433677199       0.67391873573388927     
   1.4262906049776982       0.66575137699362197     
   1.4305041665876768       0.66030192995277026     
   1.4347177281976551       0.65363102668614970     
   1.4389312898076336       0.64801814254271939     
   1.4431448514176120       0.64117011882632158     
   1.4473584130275905       0.63895743379790981     
   1.4515719746375688       0.62731439287658064     
   1.4557855362475474       0.62244675116136927     
   1.4599990978575257       0.61835862423023236     
   1.4642126594675040       0.61131693537514797     
   1.4684262210774826       0.61019134268768616     
   1.4726397826874609       0.60555795453660843     
   1.4768533442974394       0.60099230845352247     
   1.4810669059074177       0.60218610317914101     
   1.4852804675173963       0.59868412051991948     
   1.4894940291273746       0.59458850431648846     
   1.4937075907373532       0.59423361505623606     
   1.4979211523473315       0.59271270236555074     
   1.5021347139573100       0.59193281350097648     
   1.5063482755672883       0.59251520005009040     
   1.5105618371772669       0.58504948757073505     
   1.5147753987872452       0.58852597526990069     
   1.5189889603972238       0.58603746652439215     
   1.5232025220072021       0.58407798190218074     
   1.5274160836171806       0.58192575604059393     
   1.5316296452271589       0.58076736726959277     
   1.5358432068371375       0.57581409570442044     
   1.5400567684471158       0.58406275324067780     
   1.5442703300570944       0.57562091630521217     
   1.5484838916670727       0.58219907269939331     
   1.5526974532770512       0.57893476399105415     
   1.5569110148870295       0.57938272915778155     
   1.5611245764970081       0.57851516105763001     
   1.5653381381069864       0.58337205612735932     
   1.5695516997169647       0.58622319861640371     
   1.5737652613269433       0.58933119926464406     
   1.5779788229369216       0.58837780146742069     
   1.5821923845469001       0.58808718628044121     
   1.5864059461568785       0.58821171727799415     
   1.5906195077668570       0.59325501187968444     
   1.5948330693768353       0.59373625325273172     
   1.5990466309868139       0.59565406409206711     
   1.6032601925967922       0.59710030661500868     
   1.6074737542067707       0.59901662081416307     
   1.6116873158167491       0.60147564689472410     
   1.6159008774267276       0.60449999286526235     
   1.6201144390367059       0.60577266280559283     
   1.6243280006466845       0.61468690457774278     
   1.6285415622566628       0.61592533612256251     
   1.6327551238666413       0.62187094110864327     
   1.6369686854766197       0.62264863148542748     
   1.6411822470865982       0.62707602187186906     
   1.6453958086965765       0.63071184469214547     
   1.6496093703065551       0.63394019786850830     
   1.6538229319165334       0.63789778068229452     
   1.6580364935265119       0.64365877435203944     
   1.6622500551364903       0.64594986109150720     
   1.6664636167464688       0.65057990283147427     
   1.6706771783564471       0.66165359630905252     
   1.6748907399664255       0.66369866545485967     
   1.6791043015764040       0.67413355127862817     
   1.6833178631863823       0.67772580505874458     
   1.6875314247963609       0.68275026709800835     
   1.6917449864063392       0.68747305567080708     
   1.6959585480163177       0.69905034456049808     
   1.7001721096262961       0.70280001309009388     
   1.7043856712362746       0.70712041146119298     
   1.7085992328462529       0.71637021071201412     
   1.7128127944562315       0.72393017327748477     
   1.7170263560662098       0.73224775039519541     
   1.7212399176761883       0.74008464860531942     
   1.7254534792861667       0.74728967432710602     
   1.7296670408961452       0.75514417879875062     
   1.7338806025061235       0.76594232370874027     
   1.7380941641161021       0.77088922761836232     
   1.7423077257260804       0.77954140584342491     
   1.7465212873360589       0.78951221851454334     
   1.7507348489460373       0.79974688230614721     
   1.7549484105560158       0.80835934997222347     
   1.7591619721659941       0.81539885087191366     
   1.7633755337759727       0.82351053734941349     
   1.7675890953859510       0.83117973478075680     
   1.7718026569959295       0.84077720144281076     
   1.7760162186059079       0.84904741376252368     
   1.7802297802158862       0.85984629038104010     
   1.7844433418258647       0.87025269884076895     
   1.7886569034358430       0.87305351223388827     
   1.7928704650458216       0.88389736909462013     
   1.7970840266557999       0.89345691594936294     
   1.8012975882657785       0.90317661599696197     
   1.8055111498757568       0.91303450066192826     
   1.8097247114857353       0.92203165704409207     
   1.8139382730957136       0.93473875243958582     
   1.8181518347056922       0.94387178109232528     
   1.8223653963156705       0.95312553818122281     
   1.8265789579256491       0.96325148195086663     
   1.8307925195356274       0.97119430565403386     
   1.8350060811456059       0.97803100073695681     
   1.8392196427555842       0.98767108727514352     
   1.8434332043655628        1.0006160927614121     
   1.8476467659755411        1.0068244000030917     
   1.8518603275855197        1.0164093700782433     
   1.8560738891954980        1.0226292846610980     
   1.8602874508054765        1.0320380480043916     
   1.8645010124154549        1.0409794656160052     
   1.8687145740254334        1.0545786156688797     
   1.8729281356354117        1.0613636826260686     
   1.8771416972453903        1.0653725947835877     
   1.8813552588553686        1.0763857479498562     
   1.8855688204653471        1.0851892301346091     
   1.8897823820753255        1.0922249389461076     
   1.8939959436853038        1.0929966786794376     
   1.8982095052952823        1.1047723601856787     
   1.9024230669052606        1.1084658497487709     
   1.9066366285152392        1.1199410632922899     
   1.9108501901252175        1.1269955123378079     
   1.9150637517351961        1.1319455424741669     
   1.9192773133451744        1.1392763206917642     
   1.9234908749551529        1.1422796366689587     
   1.9277044365651312        1.1523777089507075     
   1.9319179981751098        1.1622533580785281     
   1.9361315597850881        1.1651190805005671     
   1.9403451213950667        1.1674350219278795     
   1.9445586830050450        1.1710327718770455     
   1.9487722446150235        1.1752980412939962     
   1.9529858062250018        1.1834746524458777     
   1.9571993678349804        1.1917871960391522     
   1.9614129294449587        1.1957351459468533     
   1.9656264910549373        1.2018101016581209     
   1.9698400526649156        1.2074237160260259     
   1.9740536142748941        1.2099226206995917     
   1.9782671758848724        1.2149469839586013     
   1.9824807374948510        1.2192183485013965     
   1.9866942991048293        1.2179787832092419     
   1.9909078607148079        1.2248051565077718     
   1.9951214223247862        1.2302750667397864     
   1.9993349839347645        1.2311752936780687     
   2.0035485455447430        1.2374788919176827     
   2.0077621071547216        1.2433464342667779     
   2.0119756687646997        1.2468041776380208     
   2.0161892303746782        1.2488742204245762     
   2.0204027919846568        1.2528366563608448     
   2.0246163535946353        1.2550479661502854     
   2.0288299152046134        1.2598749843078989     
   2.0330434768145920        1.2640955854378317     
   2.0372570384245705        1.2632967889047797     
   2.0414706000345491        1.2661018776182982     
   2.0456841616445272        1.2691799774448587     
   2.0498977232545057        1.2749635045551584     
   2.0541112848644842        1.2761200842616469     
   2.0583248464744628        1.2749622224709691     
   2.0625384080844409        1.2785154319853622     
   2.0667519696944194        1.2796137600623871     
   2.0709655313043980        1.2790903007294019     
   2.0751790929143765        1.2818486694993150     
   2.0793926545243546        1.2830936294181261     
   2.0836062161343332        1.2816229649911091     
   2.0878197777443117        1.2805768767030281     
   2.0920333393542903        1.2778491471716520     
   2.0962469009642684        1.2782936190876741     
   2.1004604625742469        1.2732788260692467     
   2.1046740241842254        1.2722355835122614     
   2.1088875857942035        1.2718553327273960     
   2.1131011474041821        1.2690481026660858     
   2.1173147090141606        1.2673140449245845     
   2.1215282706241392        1.2613468438174036     
   2.1257418322341173        1.2590067476041771     
   2.1299553938440958        1.2605079963525010     
   2.1341689554540744        1.2570423750845603     
   2.1383825170640529        1.2538295663389343     
   2.1425960786740310        1.2518101305955300     
   2.1468096402840096        1.2465302744278188     
   2.1510232018939881        1.2394627411784680     
   2.1552367635039666        1.2396044146935576     
   2.1594503251139447        1.2338176573602737     
   2.1636638867239233        1.2289105853919744     
   2.1678774483339018        1.2239803572349690     
   2.1720910099438804        1.2179406879054542     
   2.1763045715538585        1.2116350235329869     
   2.1805181331638370        1.2076738547369277     
   2.1847316947738156        1.1994433778240972     
   2.1889452563837941        1.1909804206812944     
   2.1931588179937722        1.1856697344133478     
   2.1973723796037508        1.1803816212354912     
   2.2015859412137293        1.1734649632848795     
   2.2057995028237078        1.1684137110416679     
   2.2100130644336859        1.1617965846498142     
   2.2142266260436645        1.1544522557388222     
   2.2184401876536430        1.1486048957392665     
   2.2226537492636211        1.1442925613763466     
   2.2268673108735997        1.1353093760161770     
   2.2310808724835782        1.1295974170736955     
   2.2352944340935568        1.1219605460929241     
   2.2395079957035349        1.1119284114887080     
   2.2437215573135134        1.1056312896385199     
   2.2479351189234920        1.0983052675158493     
   2.2521486805334705        1.0906394366545509     
   2.2563622421434486        1.0844315475045003     
   2.2605758037534271        1.0757815967101485     
   2.2647893653634057        1.0703333582481707     
   2.2690029269733842        1.0638081510366064     
   2.2732164885833623        1.0510789067673216     
   2.2774300501933409        1.0497663711522565     
   2.2816436118033194        1.0360497262846222     
   2.2858571734132980        1.0322804328968613     
   2.2900707350232761        1.0277456352571039     
   2.2942842966332546        1.0196400703021271     
   2.2984978582432332        1.0120148576497598     
   2.3027114198532117        1.0091092740640106     
   2.3069249814631898       0.99997759966909971     
   2.3111385430731683       0.99024723401778580     
   2.3153521046831469       0.98667838602044988     
   2.3195656662931250       0.98029715873070145     
   2.3237792279031035       0.97108898100254315     
   2.3279927895130821       0.96763864050259818     
   2.3322063511230606       0.96238654800734624     
   2.3364199127330387       0.95424742617883385     
   2.3406334743430173       0.95019761760726507     
   2.3448470359529958       0.94231761469685782     
   2.3490605975629744       0.93862060345857878     
   2.3532741591729525       0.93022694703819298     
   2.3574877207829310       0.92702347762770465     
   2.3617012823929096       0.92463452498728138     
   2.3659148440028881       0.92070594525365468     
   2.3701284056128662       0.91428358741873461     
   2.3743419672228447       0.90838536227043121     
   2.3785555288328233       0.90352365461806594     
   2.3827690904428018       0.89704229049406292     
   2.3869826520527799       0.89430978072678158     
   2.3911962136627585       0.88950667469607270     
   2.3954097752727370       0.88529437056452720     
   2.3996233368827156       0.88040264698646320     
   2.4038368984926937       0.87448038177880660     
   2.4080504601026722       0.87163171116402005     
   2.4122640217126508       0.86753894311030921     
   2.4164775833226293       0.86597637081925338     
   2.4206911449326074       0.86322352046725359     
   2.4249047065425859       0.85972492047036109     
   2.4291182681525645       0.85734410840971087     
   2.4333318297625426       0.85435919762564905     
   2.4375453913725211       0.85084497278486115     
   2.4417589529824997       0.84899992643198907     
   2.4459725145924782       0.84707034034643691     
   2.4501860762024563       0.84799563328331751     
   2.4543996378124349       0.84123201482990273     
   2.4586131994224134       0.84292988544283209     
   2.4628267610323920       0.84303998544170855     
   2.4670403226423701       0.83778865161388283     
   2.4712538842523486       0.83714913692139792     
   2.4754674458623271       0.83528588623148714     
   2.4796810074723057       0.83047907947982302     
   2.4838945690822838       0.83229358993495606     
   2.4881081306922623       0.83010654926961625     
   2.4923216923022409       0.82956423648248734     
   2.4965352539122194       0.82774709198877694     
   2.5007488155221975       0.82889282756733151     
   2.5049623771321761       0.82672194608788141     
   2.5091759387421546       0.82600144003608700     
   2.5133895003521332       0.82863049875413108     
   2.5176030619621113       0.82947980573272628     
   2.5218166235720898       0.82851595897126584     
   2.5260301851820683       0.82835740124025981     
   2.5302437467920469       0.82732105562227631     
   2.5344573084020250       0.83003562396499642     
   2.5386708700120035       0.82939130661986549     
   2.5428844316219821       0.83193073813057561     
   2.5470979932319602       0.83530180095374207     
   2.5513115548419387       0.83550942724461597     
   2.5555251164519173       0.83643249384114204     
   2.5597386780618958       0.83823229647260522     
   2.5639522396718739       0.83928126268796344     
   2.5681658012818525       0.83819386035529497     
   2.5723793628918310       0.83978734559905155     
   2.5765929245018095       0.84117661479210470     
   2.5808064861117876       0.84409316793780487     
   2.5850200477217662       0.84694565692867052     
   2.5892336093317447       0.84985874394716432     
   2.5934471709417233       0.85116479363280140     
   2.5976607325517014       0.85345084197785015     
   2.6018742941616799       0.85494695331557347     
   2.6060878557716585       0.85859503303710794     
   2.6103014173816370       0.86197625232411101     
   2.6145149789916151       0.86392247555474522     
   2.6187285406015937       0.86729550254547827     
   2.6229421022115722       0.86965012481693993     
   2.6271556638215507       0.87390314538575320     
   2.6313692254315288       0.87575038689150397     
   2.6355827870415074       0.87894555340118907     
   2.6397963486514859       0.88118681984065972     
   2.6440099102614640       0.88294500532407116     
   2.6482234718714426       0.88774709586771772     
   2.6524370334814211       0.89336891411176667     
   2.6566505950913997       0.89510205523234121     
   2.6608641567013778       0.89687338474587630     
   2.6650777183113563       0.89951127691020472     
   2.6692912799213349       0.90067880805858014     
   2.6735048415313134       0.90505406146968803     
   2.6777184031412915       0.90685754391743745     
   2.6819319647512700       0.91396909349381572     
   2.6861455263612486       0.91830595120434866     
   2.6903590879712271       0.92241254719776999     
   2.6945726495812052       0.93009549888671417     
   2.6987862111911838       0.93357333578780510     
   2.7029997728011623       0.93801010510705984     
   2.7072133344111409       0.93727992374720170     
   2.7114268960211190       0.94335729261557233     
   2.7156404576310975       0.94631496066766307     
   2.7198540192410761       0.94815338453675757     
   2.7240675808510546       0.95247997469653001     
   2.7282811424610327       0.95788805465392457     
   2.7324947040710112       0.95934911191808059     
   2.7367082656809898       0.96455130955401991     
   2.7409218272909683       0.96754935867196690     
   2.7451353889009464       0.97357098890450533     
   2.7493489505109250       0.97681544601402692     
   2.7535625121209035       0.98191496849274074     
   2.7577760737308816       0.98589093124376714     
   2.7619896353408602       0.98798428627743395     
   2.7662031969508387       0.99184820604737101     
   2.7704167585608173       0.99827468636385219     
   2.7746303201707954        1.0003412428986573     
   2.7788438817807739        1.0044890368904036     
   2.7830574433907525        1.0100757498768940     
   2.7872710050007310        1.0139376448580750     
   2.7914845666107091        1.0173098085034167     
   2.7956981282206876        1.0192190501728935     
   2.7999116898306662        1.0221548737603228     
   2.8041252514406447        1.0291656864240104     
   2.8083388130506228        1.0290078664087732     
   2.8125523746606014        1.0375313108429702     
   2.8167659362705799        1.0399146565859896     
   2.8209794978805585        1.0414474185862863     
   2.8251930594905366        1.0430479823634227     
   2.8294066211005151        1.0467126402628681     
   2.8336201827104937        1.0483036146686684     
   2.8378337443204722        1.0528547773154620     
   2.8420473059304503        1.0540697344801588     
   2.8462608675404288        1.0574303896655819     
   2.8504744291504074        1.0590405606814843     
   2.8546879907603859        1.0646232796501811     
   2.8589015523703640        1.0661161570754190     
   2.8631151139803426        1.0685972012935454     
   2.8673286755903211        1.0684778371796730     
   2.8715422372002992        1.0706913726824219     
   2.8757557988102778        1.0761761954791735     
   2.8799693604202563        1.0781925141763888     
   2.8841829220302349        1.0801261589979905     
   2.8883964836402130        1.0797289113893453     
   2.8926100452501915        1.0833051399258966     
   2.8968236068601700        1.0852892961680762     
   2.9010371684701486        1.0875528201502822     
   2.9052507300801267        1.0904585627628545     
   2.9094642916901052        1.0943769169212503     
   2.9136778533000838        1.0917422639192091     
   2.9178914149100623        1.0907972990673256     
   2.9221049765200404        1.0914829709205642     
   2.9263185381300190        1.0936827908571161     
   2.9305320997399975        1.0952105686203415     
   2.9347456613499761        1.0974589157317665     
   2.9389592229599542        1.0957526989410080     
   2.9431727845699327        1.0962970640161664     
   2.9473863461799112        1.0996899744104300     
   2.9515999077898898        1.0988649191691662     
   2.9558134693998679        1.1012039037724259     
   2.9600270310098464        1.1005963261300389     
   2.9642405926198250        1.1026499357176089     
   2.9684541542298031        1.1021395446233304     
   2.9726677158397816        1.1010525556658677     
   2.9768812774497602        1.1029824106405703     
   2.9810948390597387        1.1041857589516451     
   2.9853084006697168        1.1061987265234858     
   2.9895219622796954        1.1058780897557905     
   2.9937355238896739        1.1060815124425860     
   2.9979490854996524        1.1051083792614311     
   3.0021626471096305        1.1034059967617051     
   3.0063762087196091        1.1023210664855194     
   3.0105897703295876        1.1008099035891621     
   3.0148033319395662        1.1004200754458373     
   3.0190168935495443        1.0989487729693155     
   3.0232304551595228        1.0978464422786005     
   3.0274440167695014        1.0956242860497223     
   3.0316575783794799        1.0962652320028692     
   3.0358711399894580        1.0939767605917590     
   3.0400847015994366        1.0961883929550362     
   3.0442982632094151        1.0943707469121422     
   3.0485118248193936        1.0944610827731456     
   3.0527253864293717        1.0914942763628699     
   3.0569389480393503        1.0901149077388768     
   3.0611525096493288        1.0905096512485934     
   3.0653660712593074        1.0891871623873088     
   3.0695796328692855        1.0871931894293956     
   3.0737931944792640        1.0858759605528194     
   3.0780067560892426        1.0850610150322602     
   3.0822203176992207        1.0810493997091839     
   3.0864338793091992        1.0794789224909962     
   3.0906474409191778        1.0791407346688744     
   3.0948610025291563        1.0749846105334160     
   3.0990745641391344        1.0737675121501780     
   3.1032881257491129        1.0711418722790451     
   3.1075016873590915        1.0696604553166098     
   3.1117152489690700        1.0680523922361116     
   3.1159288105790481        1.0659620348966832     
   3.1201423721890267        1.0640722553305400     
   3.1243559337990052        1.0614060693551324     
   3.1285694954089838        1.0604603273453359     
   3.1327830570189619        1.0604896596629605     
   3.1369966186289404        1.0584503710184365     
   3.1412101802389190        1.0573235822655118     
   3.1454237418488975        1.0530587831200175     
   3.1496373034588756        1.0526822429347074     
   3.1538508650688541        1.0509031126699744     
   3.1580644266788327        1.0490073291133073     
   3.1622779882888112        1.0465654398873045     
   3.1664915498987893        1.0432896379152057     
   3.1707051115087679        1.0426951867518264     
   3.1749186731187464        1.0395526690291577     
   3.1791322347287250        1.0397413816914329     
   3.1833457963387031        1.0351651400495541     
   3.1875593579486816        1.0327256814042103     
   3.1917729195586602        1.0295126471897260     
   3.1959864811686383        1.0269016375573023     
   3.2002000427786168        1.0263005827780347     
   3.2044136043885953        1.0248854750540113     
   3.2086271659985739        1.0224800493877102     
   3.2128407276085520        1.0222342204224153     
   3.2170542892185305        1.0211421964153018     
   3.2212678508285091        1.0159106438079719     
   3.2254814124384876        1.0156299651198821     
   3.2296949740484657        1.0125317516005368     
   3.2339085356584443        1.0108416844031809     
   3.2381220972684228        1.0093992989644589     
   3.2423356588784014        1.0036174486453282     
   3.2465492204883795        1.0041813125778101     
   3.2507627820983580       0.99964688564229442     
   3.2549763437083366       0.99749061242433723     
   3.2591899053183151       0.99640363102138607     
   3.2634034669282932       0.99337293860149634     
   3.2676170285382717       0.99214902964535090     
   3.2718305901482503       0.98974558818188885     
   3.2760441517582288       0.98895028381603456     
   3.2802577133682069       0.98685915902411803     
   3.2844712749781855       0.98244033052187629     
   3.2886848365881640       0.97986512112517665     
   3.2928983981981421       0.97833139676318470     
   3.2971119598081207       0.97668835495035933     
   3.3013255214180992       0.97509116117093209     
   3.3055390830280778       0.97327798128660437     
   3.3097526446380559       0.97097561301771373     
   3.3139662062480344       0.96912228012775348     
   3.3181797678580129       0.96680876055822174     
   3.3223933294679915       0.96397467753737032     
   3.3266068910779696       0.96443079324422876     
   3.3308204526879481       0.96181461076480690     
   3.3350340142979267       0.96367332880770540     
   3.3392475759079052       0.96037520892889705     
   3.3434611375178833       0.95791811241092328     
   3.3476746991278619       0.95663136470393217     
   3.3518882607378404       0.95455532447134950     
   3.3561018223478190       0.95412516903455324     
   3.3603153839577971       0.95231844241540808     
   3.3645289455677756       0.95040673923931196     
   3.3687425071777541       0.94889760967674530     
   3.3729560687877327       0.94647587295355851     
   3.3771696303977108       0.94413619798785986     
   3.3813831920076893       0.94494639222254595     
   3.3855967536176679       0.94284427047981889     
   3.3898103152276464       0.94248556909473569     
   3.3940238768376245       0.94041613239961896     
   3.3982374384476031       0.93831255618983112     
   3.4024510000575816       0.93796764817608191     
   3.4066645616675597       0.93837265607744880     
   3.4108781232775383       0.93683988895700465     
   3.4150916848875168       0.93761288463371728     
   3.4193052464974953       0.93763368877611908     
   3.4235188081074734       0.93847857396067602     
   3.4277323697174520       0.93659984900882309     
   3.4319459313274305       0.93521193014790094     
   3.4361594929374091       0.93678786122683078     
   3.4403730545473872       0.93546635219591623     
   3.4445866161573657       0.93311742191882618     
   3.4488001777673443       0.93392215347301355     
   3.4530137393773228       0.93397851015621358     
   3.4572273009873009       0.93475882088927931     
   3.4614408625972795       0.93472130037818923     
   3.4656544242072580       0.93309347542037058     
   3.4698679858172365       0.93349926045473997     
   3.4740815474272146       0.93261023727899617     
   3.4782951090371932       0.93227433892119915     
   3.4825086706471717       0.93318242490091152     
   3.4867222322571503       0.93325113125119541     
   3.4909357938671284       0.93246575005826826     
   3.4951493554771069       0.93329059223379740     
   3.4993629170870855       0.93427120785761708     
   3.5035764786970640       0.93358774306501802     
   3.5077900403070421       0.93326273844337493     
   3.5120036019170207       0.93500539232224078     
   3.5162171635269992       0.93541256708758813     
   3.5204307251369773       0.93430268071305012     
   3.5246442867469558       0.93590445932627286     
   3.5288578483569344       0.93568937473978242     
   3.5330714099669129       0.93873669058820453     
   3.5372849715768910       0.93899475052195169     
   3.5414985331868696       0.94039304533503876     
   3.5457120947968481       0.94122896509163223     
   3.5499256564068267       0.94175189034868589     
   3.5541392180168048       0.94321528113458986     
   3.5583527796267833       0.94264886022738348     
   3.5625663412367619       0.94393479930335655     
   3.5667799028467404       0.94439396257157293     
   3.5709934644567185       0.94658981364344230     
   3.5752070260666970       0.94831217685170321     
   3.5794205876766756       0.94902307541962372     
   3.5836341492866541       0.95202119599209145     
   3.5878477108966322       0.94903199964810780     
   3.5920612725066108       0.95330166056541921     
   3.5962748341165893       0.95271417710356110     
   3.6004883957265679       0.95441673246414804     
   3.6047019573365460       0.95727988287715204     
   3.6089155189465245       0.95979938208897808     
   3.6131290805565031       0.95858925999070932     
   3.6173426421664812       0.96146055757464088     
   3.6215562037764597       0.96356375753517554     
   3.6257697653864382       0.96692978883900005     
   3.6299833269964168       0.96768371548350463     
   3.6341968886063949       0.96776609396225766     
   3.6384104502163734       0.96904832678929542     
   3.6426240118263520       0.97099600386441220     
   3.6468375734363305       0.97295385382055566     
   3.6510511350463086       0.97577850550997669     
   3.6552646966562872       0.97567006638222187     
   3.6594782582662657       0.97763914547055275     
   3.6636918198762443       0.97982024032786819     
   3.6679053814862224       0.97925397219164001     
   3.6721189430962009       0.98220680120855930     
   3.6763325047061794       0.98382555825479323     
   3.6805460663161580       0.98641353887916794     
   3.6847596279261361       0.98789560161106960     
   3.6889731895361146       0.98800023488890731     
   3.6931867511460932       0.99092986906652825     
   3.6974003127560717       0.99195259697992744     
   3.7016138743660498       0.99488844903288420     
   3.7058274359760284       0.99611495338332157     
   3.7100409975860069       0.99696938979533378     
   3.7142545591959855        1.0007268351877348     
   3.7184681208059636       0.99978965259399744     
   3.7226816824159421        1.0017674010130353     
   3.7268952440259207        1.0039432733802358     
   3.7311088056358988        1.0056085849267353     
   3.7353223672458773        1.0077239514815175     
   3.7395359288558558        1.0087364276693582     
   3.7437494904658344        1.0093076148016904     
   3.7479630520758125        1.0126441356180511     
   3.7521766136857910        1.0139252817457156     
   3.7563901752957696        1.0150308838896644     
   3.7606037369057481        1.0162843553553500     
   3.7648172985157262        1.0175290376620898     
   3.7690308601257048        1.0173398208439919     
   3.7732444217356833        1.0170771452459633     
   3.7774579833456619        1.0204181105746437     
   3.7816715449556400        1.0212119648250122     
   3.7858851065656185        1.0223309611353844     
   3.7900986681755970        1.0231837519988638     
   3.7943122297855756        1.0251877539853065     
   3.7985257913955537        1.0257302376955575     
   3.8027393530055322        1.0284725439533229     
   3.8069529146155108        1.0292723575116385     
   3.8111664762254893        1.0315147245052367     
   3.8153800378354674        1.0312228311484049     
   3.8195935994454460        1.0320019262527160     
   3.8238071610554245        1.0327435459735419     
   3.8280207226654031        1.0342186271864846     
   3.8322342842753812        1.0356662567283865     
   3.8364478458853597        1.0346409094545266     
   3.8406614074953382        1.0369154777270717     
   3.8448749691053163        1.0367065219712932     
   3.8490885307152949        1.0393833885915287     
   3.8533020923252734        1.0375024780532269     
   3.8575156539352520        1.0395563645806860     
   3.8617292155452301        1.0392711418159490     
   3.8659427771552086        1.0390058671524949     
   3.8701563387651872        1.0402020166783252     
   3.8743699003751657        1.0435132756092644     
   3.8785834619851438        1.0433858268713956     
   3.8827970235951224        1.0437296860086023     
   3.8870105852051009        1.0451133223455737     
   3.8912241468150794        1.0425758788978423     
   3.8954377084250575        1.0441132236417392     
   3.8996512700350361        1.0432999998553056     
   3.9038648316450146        1.0444694966651860     
   3.9080783932549932        1.0466740882562817     
   3.9122919548649713        1.0490871155119041     
   3.9165055164749498        1.0468775842151032     
   3.9207190780849284        1.0458044987260642     
   3.9249326396949069        1.0447776273154423     
   3.9291462013048850        1.0457306489590752     
   3.9333597629148636        1.0465743294803460     
   3.9375733245248421        1.0473595184858100     
   3.9417868861348202        1.0483845413498454     
   3.9460004477447987        1.0468674481928084     
   3.9502140093547773        1.0459066693914414     
   3.9544275709647558        1.0437951914677830     
   3.9586411325747339        1.0426550741829603     
   3.9628546941847125        1.0444141650108629     
   3.9670682557946910        1.0423024435913235     
   3.9712818174046696        1.0440489829023256     
   3.9754953790146477        1.0424577645034492     
   3.9797089406246262        1.0415234885801135     
   3.9839225022346048        1.0408580206664995     
   3.9881360638445833        1.0410901280323963     
   3.9923496254545614        1.0416706623118517     
   3.9965631870645399        1.0388000006231057     
   4.0007767486745180        1.0381010299793705     
   4.0049903102844970        1.0401920015188264     
   4.0092038718944751        1.0390401087904149     
   4.0134174335044541        1.0384414502499821     
   4.0176309951144322        1.0375522819582490     
   4.0218445567244103        1.0362905818141963     
   4.0260581183343893        1.0356957159830551     
   4.0302716799443674        1.0353910977550718     
   4.0344852415543455        1.0350054985085977     
   4.0386988031643245        1.0342877509579931     
   4.0429123647743026        1.0345615220769542     
   4.0471259263842807        1.0328401291930260     
   4.0513394879942597        1.0316828175765933     
   4.0555530496042378        1.0310366059703366     
   4.0597666112142168        1.0299678719332219     
   4.0639801728241949        1.0294258338555295     
   4.0681937344341730        1.0293995784094903     
   4.0724072960441520        1.0248094287530094     
   4.0766208576541301        1.0243281234140491     
   4.0808344192641082        1.0232499026328690     
   4.0850479808740872        1.0242026132962849     
   4.0892615424840653        1.0218670065319342     
   4.0934751040940442        1.0207497382721666     
   4.0976886657040223        1.0176946636638740     
   4.1019022273140004        1.0175358227108640     
   4.1061157889239794        1.0161296692593840     
   4.1103293505339575        1.0148641511686842     
   4.1145429121439356        1.0151377652726701     
   4.1187564737539146        1.0145238700587962     
   4.1229700353638927        1.0128624751743991     
   4.1271835969738717        1.0113251849493641     
   4.1313971585838498        1.0119873596486355     
   4.1356107201938279        1.0112326443117743     
   4.1398242818038069        1.0090058435577074     
   4.1440378434137850        1.0073862456848097     
   4.1482514050237631        1.0045273819310923     
   4.1524649666337421        1.0045564342125062     
   4.1566785282437202        1.0034743673972806     
   4.1608920898536983        1.0036465045702803     
   4.1651056514636773        1.0020218703335730     
   4.1693192130736554        1.0022275181599078     
   4.1735327746836344        1.0011506820421121     
   4.1777463362936125        1.0007014540408430     
   4.1819598979035906       0.99912954812981314     
   4.1861734595135696       0.99883951089831968     
   4.1903870211235477       0.99828805726107539     
   4.1946005827335258       0.99675112205557581     
   4.1988141443435048       0.99725703907031349     
   4.2030277059534829       0.99662210192883838     
   4.2072412675634618       0.99327981207070370     
   4.2114548291734399       0.99284357149323843     
