   17.997252754681000        14.338081419264601        36.235154853020703     
  -7.1830364747587902E-002   2.0400555183422702        2.4047846377713000     
   24.676177621263601        22.685691928871599        22.115201206477799     
 -0.71779560020503197       -1.8549480450290901       0.63179993034420401     
   9.3454047427418594        22.011173203387699        14.150565513553103     
   1.1598826431377101      -0.28548729489839703       -3.3859933684662198     
   23.563285288106901        19.499670184626599        5.1816592006570499     
 -0.37512110623579697        2.7642641125559003E-002 -0.82724451141047994     
   12.888452965775400        5.8777045168105300        5.6222232505196699     
   1.8001830830956198       0.59275738311524095       0.93230714192929798     
   13.600008344011600        18.545238092510001        11.217990632075200     
  -2.2326610403776099        1.8104281141365799       -2.6842306266396800     
   7.0521232203002402        25.945379737163599        3.8800386701522505     
  -1.1296154200939601       0.69479803179042998       0.52029822446003804     
   26.376988858945101        21.441363043998699        15.820122592257798     
   7.3206219691856797E-002  -2.0060359293655901      -0.46537782531445893     
   8.4582182642233104        33.827195391160103        8.6826795172416897     
 -0.54889519461356795       -1.2218633918386499      -0.26749119950347600     
   7.4295113043935999        28.242937611552200        14.146710796178798     
  -7.5637951516193597E-002 -0.67983998754790698      -0.10474161678621600     
   24.595755781093100        20.806642745725501        18.897720630463901     
  -1.1412128358899900       0.37587920235569400      -0.39995283089922007     
   17.718972381741001        30.106876572639205        22.025032978147301     
  -1.5507300317454200        1.6057355828250903        3.5023830541739795     
   17.637101289845099        23.951970414855900        22.724027188935999     
  -2.2970139944380801        1.7893743109030700        1.4842049584061201     
   33.089981095060899        25.593317674158399        16.860296331377199     
  0.51167056245650999      -0.55109278410433904        1.9524033200131803     
   19.808899338427000        8.1838811787367494        21.514085369787001     
  -1.2674213052292700      -0.20413509811141800        1.6002378069906598     
   10.363863877462400        23.184870056962300        23.129565395258201     
   1.6492763256061902        1.8331579855222999      -0.93697658460550792     
   2.7001806499993299        10.589183325112501        13.668123657238100     
  -1.0673826809605500      -0.42027739831942801       -1.5272776366647001     
   7.7806449749524207        9.7484789404071606       -5.2685930586822698     
  -9.1569551324537507E-003  -1.2582937379103800        2.5194955347200900     
   19.365292955436800        23.690636853509702        11.555282313489901     
   1.5414610656935299      -0.92041746328815910        1.2144522801008100     
 -0.68583028291087500        13.313472886774001       -4.9102638955344098     
  -4.2269732261855097E-002  -1.8908727568235399       0.53463656201913201     
   11.417088333365101        16.553863243711600        7.0590127071677902     
  -1.1602290629003200       0.65693433202863405       -2.4521362533654400E-002
   3.7405496706759798        16.659528369841802        7.6101128423300297     
   1.2193681402722500        1.7506233683655001       -1.2297833870588499     
   10.294960759198799        7.2239995356382609        29.401475591891099     
 -0.59310253047483996        2.5464471154487902      -0.19815065135679799     
   9.5922006559123201        2.9282657853331902        11.934852207573201     
 -0.22511672381647199       0.98852121381679092        7.3588366427109406E-002
   26.159093891875798        12.579172639184501        17.971452773497202     
 -0.47824070433001503       -8.9974390381096794E-002  0.18401999594557300     
   29.748700898693695        27.759331442497398        17.923927106017100     
  0.68638588858907401      -0.68564677860911605      -0.76477846276749495     
   12.636613485723799       -2.5277106509120699        10.068803526342700     
 -0.19258433608607600      -0.60826366597459303      -0.56297671092650303     
   19.414318767646201        17.490999928496599        36.320257901330002     
  -9.4484493700563499E-002   1.6895517770582598        2.5910502698561202     
   16.873494675600199        9.0991238615802903        14.171082453184500     
   1.8513401691641500      -0.15716672512472499       -1.2625379030168400     
   26.554528001439699        28.378417820103799        7.2520103918382102     
   1.0355469360283300       -1.8076823320575803      -0.22275165049463899     
   4.7121642577074301       -1.0726365125644299        30.329122309868797     
  -1.2717119686491301      -0.79967677326968589       0.42836888477407298     
   19.661867585182801        7.7513660128495294        12.261397987351700     
  0.36258691947824800       0.39377116867917100      -0.55819357656797297     
   27.695664290355097        9.6556049291592103        11.777283871646800     
  -7.4694272384865701E-002  0.47014810874658408       -1.2494340418751000     
   10.203540555282901        16.264290699164899        28.716729009960595     
  -9.6804522114355501E-002   1.2413676177236099        1.0901590312241400     
   6.5086126772208504        14.261046984310100        1.9492344968412301     
   1.7543115394458901       -2.3695994812718499        1.7825166079415298     
   32.780081450337200        12.862806375133900        7.0110950465962212     
   9.9754389024409695E-002  0.86682729843260409      -0.99292702857730397     
   9.8616067190269305        13.541464288797901        3.6606956270560898     
   2.5448148092100000      -0.83051692327191284        2.0352127716379700     
   5.3277391268600303        2.1195655916238798        26.478945335117398     
  -3.3172624280364000        1.3082148798050099      -0.24829312244934701     
   32.047576802316101        8.3549378786616106        30.708242005342797     
   1.7680144733766701       0.98766502165480397       -2.2141571495726602     
   31.615390843463800       -5.0529511206304800        23.562513520619099     
   2.8681336593699300      -0.49397773421310498        1.8755045633517999     
   17.075246262403699        15.613881598611400        3.9074545883159995     
  0.93962917874276197      -0.82146787579894098      -0.83183077817140394     
   27.900483825492401        17.880999628134798        14.088591468516400     
   1.0180023309087900       -1.0927023578709900      -0.43929721849871001     
   16.493322686141902        12.272505540157701        33.986161474691798     
  -1.4647753176084100        1.3274778339971600      -0.79016024129949791     
   22.228187745676301        18.350676312933501        27.952982493604299     
  -9.0748331400560003E-002  0.45236418931200395      -0.40821839388648301     
   9.0007003466189506        12.213780736683001        16.037713702184000     
   2.5062769593017702      -0.97589280376179699       -1.2650545530389801     
   7.6877170568555702        9.7229546699088800       -1.5167180620777700     
  0.44092842730170695        1.1780424471431701        1.3207735768518800     
   33.563748381134303        27.371982296626399        39.795062023168903     
   1.2345004596370801        1.9691409684916099      -0.10800416292001902     
   2.9914512814843999        19.279681564911300        11.729579466907600     
 -0.37083237041313799        1.2843871318772999       -2.3393017081328100     
   20.046562952481800        18.368411942183400        3.8851315710873604     
   1.4494746977818100       -2.6842928220920101       0.33903640062513901     
   16.607095935675702        9.1171401366535605        10.374668841085700     
   1.7438158718126999       0.15862433587979499       0.48760188591940601     
 -0.60739835208724502        21.658140932179901        10.279469895017000     
  0.34436506744104001       -1.0942756105549001       -8.4757459860450496E-002
   4.8198776912961900        20.732424552193500        9.1433423610606805     
 -0.27481896905772701       0.28594561405368302      -0.69316542130322401     
   14.998047594992599        32.173920327654002        7.3512791198220695     
 -0.23225146428970500      -0.22927680731827904      -0.73387762648377597     
   15.532135846280301        8.9010684212296507        6.5213745867392401     
 -0.85351104837223812       0.39058688353273302       0.99222942030290906     
  -3.1507573166112599       0.81771613604535398        1.8512132558618002     
  -1.2130254406762999        2.3974227825518599       0.63910337269192197     
 -0.69451564375185204       -7.5673695785156498        28.764133539641595     
 -0.14762755434950600      -0.92605346290042501        4.5277162242962403E-002
   22.824832731823200        23.921732790208100        10.815194469802000     
   1.4663948185641100      -0.41109401502092502        1.9145597029922601     
   15.133571216983400        26.930270969594201        28.214947215641800     
   1.5453934519546899      -0.35631613121472100       0.25855547476222002     
   10.524370165054799        8.6858881846547593        25.402223641495102     
  0.92405000379809699       -3.1606956794732799E-002  0.25645505349003300     
   12.472646404982401        14.243819991045100        10.147769553820501     
   2.3697417759706600       0.66847564704899598      -0.10354604772474602     
   19.609560511044599        3.4405719494021896        9.4261441854593997     
  -6.9386927053772002E-002  -1.3403367269821300       -2.4614506163384502     
   15.789807315614100        25.541900805443198        3.5286681229190395     
  0.16993481701383500       0.57817201498405502        1.1238295185424800     
  0.72772475087126598       -1.0226166662376699      -0.97560189067123304     
  0.61737256764039905        1.6986937347299100       -2.0188890075666102     
   26.584656080853101       -3.2392507477111101        1.0149826926876300     
  0.19048971699291201       -1.5944229175443800        1.0880594098829299     
   18.426983185382401        20.849198899141001        24.863545471108601     
 -0.10728362979911900      -0.32037859555149101       0.25892205468246299     
   16.266566026317498        1.6695445655036700        11.225681606717700     
   1.0848453394191400       0.83217008028062200       -1.2784748324107600     
   33.602003232914200        6.1739542881234604        8.7693317417467398     
  0.93313246949830608      -0.37451878096780900        1.0131432345798701     
   19.806918928151799        31.906645757169098       -2.4334382005703898     
   1.2673886376112200       0.94492823442006812       -5.1965509006802997E-003
   12.240498245820200        2.5041464945709100        17.166954015162499     
 -0.24668584446510999       0.94379456913262505      -0.85504507529144513     
   9.5827195592104193        12.539718308201699        7.4750177903047801     
 -0.37429211414201202      -0.26817827259986698        2.1093762824993099     
 -0.52534821896101203       -8.5211329946951100E-003   13.307631012217101     
 -0.99711657657262409        1.7506731026238200      -0.61979797791142899     
   3.1957157926103998        23.168469411268500        19.476925237107899     
  -1.3889229087799499      -0.25959554204327800        1.5291008125623400     
   20.062638481966399        20.462658647693800        12.720936602471800     
 -0.74925919994389500      -0.60841008910695404        1.6647609371561201     
   13.359150564674399        15.906430526461200        3.0570372131129999     
  0.75351471002761405        3.1522672490559800        1.3476060644397101     
  0.47696299200444092        27.078674675265301        9.9885929729758303     
  -1.9050330706621199       0.14660263627701900       -1.0316659929465499     
   10.162672083514600        37.539574129128297        14.994528237465200     
 -0.46704072895862297        1.1979448903638901       -1.5496204694869800     
   19.492409419648698        10.863690334699999        15.033887284904701     
  0.52340076771897104       -1.4316140373726101      -0.39141852421256201     
   19.452723376384100        15.938612951520501        29.725580862293000     
   1.5171859245588899      -0.17045311177398301       0.76323416293587198     
   22.432841536763899      -0.46424805457686502        16.845284632878300     
  -1.6231954115181599      -0.73353026656001397      -0.49005069107102700     
   6.3332791241600797        14.084353872396600        13.495494044215800     
  0.24922844641508604       -6.2442821353284390E-002 -0.69143972965117495     
   13.465309820809299        36.975415566122798        3.0685218693817200     
  0.25570076401116398       -1.3440110589838301       0.16946141785086799     
   32.710596123356702        4.4625809294142398        16.803735326702800     
   2.1373522677275001      -0.48986399059984892        1.0806689413848101     
   11.175831636075801        27.175231174660599        6.7637502563093799     
 -0.21145385035840103      -0.91537430535496600       0.77161159634015197     
   14.738768624013799        30.520484921833397        19.714953910708100     
 -0.20782340835484497       -1.7740689226809800      -0.26508232850846097     
   26.921346410569001        2.5735753726994299        24.698352316035301     
   1.8615787348545401        1.2312034025562699       -1.9186069398727601     
   9.4222577473550704        17.888517829193901        32.819243215283500     
  -1.6854625425882199       -2.9174006905427201        1.5038711425118101     
   16.981696009538599        23.353605720962300        6.4538268696548000     
 -0.41275700988570296      -0.12874684483332499      -0.36386465875224400     
   16.485274435683198        33.662724699293499        4.0571196617677199     
   7.0541281189732699E-002 -0.27864820929895501       0.76028395125077697     
   5.4213663617162604        11.132828865740700        16.320679495491898     
  0.82847051492332513        1.4698511348140699       -1.8679168236939800     
   19.166132368461700        6.7662135182852099        15.843301304530799     
   2.3361806578071498      -0.34765984111937198      -0.49223826299390105     
   20.829353259208698        10.931321189437700        4.8372533760250302     
 -0.19039862641215599       0.20880748216184500       -2.6293790432912099     
   13.601584404375400        30.786624511563300        23.271966273900201     
   2.5768740238893502        2.0323415337214601       -3.2306815348932596     
   6.8657762977856107        12.738857574328900        10.282488865178699     
  -1.0676356511129399        2.6755278155199198       -1.3903360903213300     
   13.808333850711900        24.947038905589000        22.792408331431599     
 -0.54527578672175103       0.63446239523273196      -0.41992956563821193     
  -6.0528223748984997        12.462804747358099        16.519058996235000     
  0.48939481423306203       0.70350076560048103       0.50070970855522201     
   34.036451878813097        18.077549005559501        2.6467603238962401     
 -0.69929582762442100       -1.0649714863077200      -0.29069787474389702     
   15.268985462528899        11.994950058814201        8.6877885500945204     
 -0.16294578922733999      -0.12316932807308700       0.52050226608531702     
   6.9550573112955600        4.4220923969324701        19.691674000065500     
  -1.0949444470697800      -0.95105899005963390      -0.44251667689050000     
   8.6398517890731092        9.3624786249562000        9.7282764447689107     
  -1.8403091097129201        1.2051877190388101       0.10678841326431301     
   16.737751413988700        29.233198818044599        2.2032406338553798     
  -2.7880059686781200      -0.19045516939074100       -1.1044861743520700     
   21.890482375949698        27.934940369599200      -0.93820317886248195     
  0.95947507346436012      -0.59623544453734001       -2.2079483385137801     
   17.207218517023200        22.207746277199899        14.281589793506001     
  -1.1006097558910299       -4.8158493962665298E-002  -1.7045308549597900     
   2.3993975558219200        1.6614416249337700       0.76103803809357795     
   1.6182704739941003      -0.55956936192449303      -0.62735386768420798     
   7.7341483571794800       -5.6190434112357499        17.197387930800701     
  0.32101664214147402       -2.1106510204655899       -1.4838065390311299     
   6.2546549234208202        14.788675408506201        20.440684572988999     
 -0.22656176436252001       -2.2169731182011900      -0.66347144748942999     
   13.692936105283898        32.624069916296797       -2.1380989362905201     
 -0.92579372228469603      -0.71804280264965503      -0.38520255243284901     
   7.2677582026506391        6.3050169280944601        25.603511622392698     
 -0.66604797715631903       0.86559940880151698        8.0768102658731605E-002
   11.188398763038499        18.498011211045100        19.074271475945899     
  0.75891246152472802       -2.0861594267739698       -1.2260935272308500     
   28.034052896123299        15.020092837014900        20.124120406650000     
 -0.86632442936796517       0.48976667045723105      -0.54825244469791501     
   2.6078408848863002        27.650904394073205        24.553311306406101     
  0.41295637322132195       0.67850421720494503      -0.60907769506816001     
   25.614066643869698        17.702884080121901        28.571029196194200     
  0.36567743696926902       -1.4343777150687000       0.29527517781595097     
   29.231162902715401       -4.6546032510183002        16.891784082736699     
 -0.48069814404636096       -1.5922779552414297       -1.8694304252468299     
   25.398783084365999        2.3786192844810401        14.587925029965101     
   2.1214275206173601       -1.8224199400537699      -0.58755656618521102     
   14.187769336783100        9.0000114963144302        17.009969861120499     
  -8.1548621177447600E-002 -0.50949580201941702       0.42489362819250392     
  -7.0575958968884400        21.244041453157799        2.5679702532611901     
 -0.95394619307974804        2.6317420727548702       0.98580975306536700     
   19.086005119833601        16.545064398646598        26.104766734428800     
   2.3155443382778800        1.0702352485813300       -1.4075271276085399     
   9.4882432357615105        2.0321677606385999        6.7016683058483801     
  -2.0017276079263100      -0.96554323956189603      -0.42985458162535001     
   27.128191672702901        9.5292156737239200       -1.3745240443771400     
  -1.4096740189060399        2.2282730181466399       -1.8951488598334201     
  -2.6337150219273302        8.9617862816927705        16.855884747562001     
  0.29156453693282602        5.5714480274717103E-003   1.3921237356330001     
   10.366610222394200        19.800584025419798        26.293965690518501     
  -1.4397458909812599       0.24217832215273799       -2.1444821566768799     
  -2.4803105586807801        4.6875232221662504        3.0495670630547900     
  0.80423716499767595       -2.0188048165215502       0.71074850090480701     
   23.353992690271600        25.121029965755898        7.3271370923051897     
   1.2559329643118500        2.8953566134773601        4.2850802430112599E-002
   10.602755876896101        12.353636755331401        25.259800298842499     
   1.5584725020226700        1.3867776297714500      -0.78000988310136699     
   11.277867779830901        6.6895508304355102        10.751553754530001     
 -0.92252036158621298       0.31533496011996798       0.91675600902284005     
   16.406117458617800        6.3024959771112998        12.382760475233400     
   3.3937263391284502       0.61850950953620398       -2.2306678771333299     
   21.467869713391501        16.899589394050501        13.452639481081500     
 -0.43408787637757396       -1.1321335928723799       -3.4210146312869898     
   6.4556395524612498        19.672346235919701        5.7494047213229296     
  0.19556522273405000       -3.4394225860318901       0.59405920830131398     
   22.638228865162901        22.123970161550400        14.844686955110500     
  0.25285096494010700       0.42616050584584908      -0.80290632538651407     
   27.818544497647697       -4.9415207539685397        23.027581589842399     
  0.71305898940376700        9.5543001442398301E-002   1.5153252239149000     
   9.8706959524634499        22.505474893012199        6.2610245162601901     
  -1.0793830012282699        1.2208237163361400       -1.6272237876876703     
   27.430055531170595        20.759873852989401        6.4787042690140000     
  0.18683096284400000        1.1125267392410700      -0.20344523317422999     
   26.288293166886401        11.799702705608500       0.99625308271201196     
  0.19279202274013399       -2.0650118083881202      -0.29366550379433298     
   20.067363761035999        25.147534142679199        25.188106419953002     
  0.80302089444964497      -0.75883518154903895        2.9202066722571400     
   32.842393767647202        11.697788720927100      -0.42625765689794592     
  0.53265838874715299       0.28616244824267700       0.14391359868439399     
   32.591729507004601        4.7349037038181701        31.037795693411297     
  0.68162121718644197       0.27315459190253799        8.9418638044088394E-002
   5.0169478951161803        9.5250942985424807        9.8985748693017594     
  0.41750191073746107        1.1045819516873101        1.8315180046025199     
   3.4775706550887699        13.105181216934000        10.964086256329200     
   1.3228018410145499        1.8866138812346001       -1.1647435065430101     
   8.1960572342195892        18.647340585242201        8.3849597082641800     
  0.16745179078269701      -0.28026575101460299       0.25138574453833501     
   18.312647322019501        8.1583475411703592        4.2907880176590298     
  0.69239154888006804       0.94625890714416894        1.0017405782650699     
   28.721848490989899        2.7201449026572302        18.264696912025400     
   1.4458907939040799       -1.9840389796417901        1.9934444806100999     
   27.590823320330099        8.9362055656334996E-002   20.503886671446399     
  0.67572938606060595       -1.6044985265529701      -0.95715698792057102     
  -2.6739513851643402       -7.1416415948756304        24.992966879377100     
 -0.50374400294294497        9.7907448229289304E-002  -1.5932253644380201     
   2.0821980912228799        12.362366651559300        2.6308577342254300     
 -0.12559867179430600       0.78949052217841698      -0.50344729110365805     
   18.363741042017601        27.201124164998301        13.142990702106800     
   3.2679965065593497       -1.7905727656260302        3.4446016942151299     
   11.606876720853300        18.715338714442101        14.884402598266000     
 -0.37913261514476299        1.5756100252102700        2.5855524301234700     
   25.527564281252801        2.6954401209713299        8.2775138142228997     
 -0.23128609696719901      -0.41248464212449598       0.24791472717366603     
   22.143319989344199        13.133094040148499        2.0343250989082100     
 -0.62006718123499904      -0.85960524914703107       -1.0201903507601000     
   13.257009093558199        23.979442546466402        6.9893631455771299     
  -2.0497218806640900        1.6657377097290000      -0.91212336384599491     
   18.874200319810200        11.632373580204600        19.842081790068399     
   1.4579900734696500       0.11304725922955498        3.6406047266255903E-002
   29.775730608743697        2.1532427497430402        4.2739757561428204     
  -1.3808043515433099       -1.2422594058885901       0.62588929142340999     
   2.8602196212137798        17.551852100329199        18.810473204409899     
   1.1038886605295100        2.2168173624263199       0.10348617630451300     
   21.928350726245899      -0.60344435423831699        31.893489871260897     
   3.2242740033739903       0.34504493782061901        1.9888984335620301     
   29.055443020648802        12.493944136654500      -0.92780134240000212     
  0.95414966520326605        1.6131843322371298       0.37810778063188899     
   25.382270657663501        26.686472634891800        33.137975233454000     
   1.7945474475710601        1.3667732699847199       -1.5325218286707001     
   18.820360866249999        16.752766832254299        11.062761034770499     
   1.0890288254602500      -0.38619369769849099       0.61513348807558299     
   30.555051199613398       -3.9256087642827207       0.69255903305568700     
  -2.1310143499888401       -8.2083928492085196E-003  -1.0079543762001999     
   4.9209149956965996        35.941548093528397        5.4007528177522000     
 -0.44983686689211300      -0.44318907799789897       -9.5891418664554098E-002
   15.783190979262100        23.858085162227400        11.474139406805200     
  0.40501921248765593       0.55541184682535505       0.99567498014000999     
   19.018085271459402        26.380721402950300        5.0986692707574699     
  0.54044154179826698        1.0971270855791999       0.72422014496629195     
   9.4599449179772694        9.4859720018163003        18.257185678188900     
   9.8061111994953098E-002  -2.2884262291904398      -0.12696415715902101     
   9.6358485156276004        26.455829074024301       -5.8440049599495598     
 -0.67749355969951897       0.85331067952191197       -1.5267428905077101     
   26.484202793413100        24.108111643262600        12.647190681728500     
 -0.56947815712816297       -2.1637347917797300      -0.15332498490591401     
 -0.34117900803263501        13.680586440193400        12.143848057569800     
   1.5983997724823000       0.83873276856819701       0.34190880942987700     
   12.181371317226500        18.592681226286999        22.918048785394401     
   2.3830805626987801       -1.6141453587467900        2.0502438540601400     
 -0.89127522989095209        6.0206847442063403        24.679386717968502     
  0.60387784678723400      -0.35521530535047702       -5.3775554455705692E-002
   13.275662534995099        3.6640901276776701        11.813760979142300     
   1.5887277464839498      -0.13244416656667801      -0.35967923037457400     
   22.124566740223301        8.0273840685803108       -3.1131301524313102     
  0.24268065452087303      -0.20878797180070499        1.0015586452161200     
   2.4962115478747702        10.201637776543400        5.7762039481743699     
  -2.0273025681261001        6.3045681476247395E-002   1.0471906657800500     
   10.425726454980699        3.4415329788400499        28.787866552386799     
  0.55510793814602599      -0.31418771389561101       -1.8526113785020599     
   22.389470049315602        21.051922111979700        25.209270960395500     
 -0.27975632468701100       -1.8635392559575099       0.35842228641614399     
   10.155499024451901        22.989513670228700       0.28578172384360201     
   1.3635894320320301      -0.41147001546160000       0.33583766897795098     
   26.036061942502400        9.9058802379767794        8.3640834546392604     
  -1.4030889973676901      -0.63734747757303001       -1.7620967902377298     
   24.903955192651900        2.0992241360461499        18.479815858030200     
   2.8364177600350499E-002 -0.63703579873946903      -0.70803560725822601     
   12.390555489952700        23.748424857494001        3.6055526320106002     
 -0.10252852117594501       -1.0746939789258501       0.90505205340675199     
   7.1312434113712202        6.3469753885666096        1.5264812959132501     
 -0.86630132028441698       -1.2787581369050200        1.5824623886556102     
   23.208178501327101        2.2823957021104202        25.108689001121501     
 -0.87574622437336214       0.66322384250612199       0.11843312533946498     
  -5.5098521054401601        10.557607054793500        28.734420352180305     
  -2.0369575618284199        1.0571595285210500      -0.46999366933783404     
   3.2866724102756102        20.436513436800499        29.213771255930997     
  -2.0886260311569500       -5.5365144984102291E-002  0.48079741227042200     
   16.099386159668001        17.363016349701400        24.266195408911400     
  0.41169561496705498        1.3007164793517700      -0.82022629283657800     
   2.6413585898788798        22.967137328946599        11.339393600374200     
  -1.1189066962812999       -1.6900367773654299      -0.79962172877764903     
   19.218456844802301        20.927264240947501        7.7230954554460789     
  0.63131855511605905       0.38965572095974599       -1.6050309915800200     
   4.6464945045059904        9.0567293546132603        25.144010663694200     
   1.6953205470811903       -1.8168697567010803       0.83184069869663291     
   7.2983065935863110        6.3662464258011404        11.812360085311200     
   1.3137067297489899        1.0054647168734501       0.34578736052493397     
   32.231076947554797        3.3405435289325300        6.7942211127875298     
   1.3789920086104801       -1.3950292897407099        1.5718454979628800     
   7.7331359206289312        32.068066262142104        23.205533349347601     
  -3.8533820932333498E-002  -1.3919738338884500        2.9772433409953498     
   15.860015518960102       -3.4049916582757200        15.811080081515398     
  -2.0597756999348502        4.8394839405965201E-002  -2.4224536045779899     
   18.615831979123101        11.527776760240300        11.672158945281900     
  0.44090226567824897       0.15920037434737699       0.50639555204122999     
   35.493698177618803        2.4875287417550100        1.1242034751106000     
 -0.43504548418372796        1.1593306422754399      -0.61613265719910204     
   26.600896298689399        24.751074940937102        19.113046450351099     
 -0.74283728324717602       -1.9769515390157000        1.1797709526537501     
   2.1240404198060201        30.241307457552100        10.942570149465400     
  0.23498379226524799        1.6100427844821801       -2.1040240250892501     
   5.2091664854353201        27.249054967470499        26.897562365562202     
   2.3568727041918600      -0.35432349935063800        2.5055527967331799E-002
   9.7171230349871092        15.427013475107799        14.444733174946602     
  -3.0771295119506501        2.9263444137005599       -1.2227197900023199     
   23.464492269837599        15.841764435603098        7.5296306977011698     
 -0.13097092350631601       0.65970050679347803      -0.10311043056346700     
   2.2755529580359299        4.7929829188930704        20.521707039877299     
  -3.0634505172233002       -1.3355697453837401       -9.5290807894794105E-002
  -12.733764486084601        18.132044777144600        14.413821908823699     
   1.7277351765765301      -0.76677000683712704        2.3578196414827102     
   1.8319926609776600        15.204310971031802        4.8368908207153201     
  0.33186705614800099        1.1997351876526099        1.3102612668571401     
   21.007853898953201        9.1161577995074001        18.031794999222200     
  -1.5220448713243300        1.6495546667371903       -1.8217860937352499     
   6.8456112595344898        11.667219782362000        19.220107506766801     
   2.0276424172918501      -0.54135422473900496        1.0605598878419800     
   6.7143367397350797        9.9856258844772601        13.305467839661500     
 -0.20286517800235299        1.7356996914405800      -0.17882407385501400     
   18.423730305808800        27.857839535264699        17.303613422701499     
 -0.32244084327249400       -4.2641174221172001E-002 -0.85122135207417404     
   12.598630200700599        26.857885486839301        17.710740597041699     
   3.8132080264497099       -2.1063683836106502      -0.91596130082553295     
   12.000582691141499        14.939794790331900        23.451610826735600     
  0.29918264207507300        4.1105941512396500      -0.78978611405166799     
   5.8748146433085298        22.234060364327501        21.857094629823099     
 -0.32069603980342298      -0.80346089254810504       -2.2248839333456201     
   10.508523830202300        9.8417226764580104        3.4758856771446500     
  0.36799265154700000        1.7517453072738400       -1.7666112281020103     
   21.628952860429699        3.7189309161592403        16.247884305066901     
  -1.7611447867501802      -0.97343842995501395       -2.1942539451450598     
  -1.0060375027805999        11.242493850988300        5.5425727651077503     
  -8.5471698658455095E-002  0.77558547842825898       0.57242844561532502     
   16.708700201269799        24.122619073172601        26.457614630228299     
   2.4658392879387399        4.7717714214120702E-002   1.6632679137902298     
   10.226702977416901        18.849883200705101        11.541124959138500     
 -0.92660070376783099       0.17115723598519400        8.6628427555267395E-002
   5.6740367437920503        2.7799506645193799        10.013609693003399     
  0.63812108141458601       0.88696045246368005      -0.26937475866989702     
   10.192502909077200        7.7906836610034302        21.743529593503300     
 -0.53398498513408799        1.5564060484589499       -2.0910611752636101     
  0.21045216747785800        7.9844972886957697        15.198133020627600     
   1.2537505163365901      -0.33450989197603598       0.60048012321277000     
   18.559245170334499        38.350703052197602       -2.5684762153649401     
 -0.67564337378849704       0.63008320472779500       -1.1728369238299701     
   4.0553036065263504        6.4489449399106000        27.836497091510697     
  0.36260302814282402       -1.2968244210803901        2.6315919609278100     
   20.797083385666600        22.100867418496399        21.992737156726999     
  0.60664902480319705       -1.1445833454343199       0.73876497975322997     
 -0.98359159819919495        2.9633297376918302        11.458266007317301     
  0.79731633808720204       0.72816030881724303        1.7032881610738000     
  -11.213047063238101        22.151557009317401        3.1098518929216601     
  -1.6977380884560298       0.51113603743885605      -0.66907113830129705     
   1.4197747850513101        20.306379824312799        17.091768724772901     
  0.39669568698889607      -0.15069869192472701      -0.80453537197239489     
   29.193432870232698        3.9079989036849501        8.0856649604262198     
   2.4216600874420902      -0.62225120277165402       -1.1012094029839501     
   11.787172942192599        20.050283043704201        29.988068431473998     
  -2.1322068635700799       0.31052325830662098        2.6740452022707299     
   12.023293230718400        10.232452569096900        6.6254381933195097     
   1.7006595212857900      -0.82758332600209705        1.8602325093659500E-002
  -3.0432913867304601        26.166080941240100        9.4955262572632204     
 -0.27982571563523900        3.4065316278232699E-002  0.56091529170860499     
   7.1564167437335904        9.9883229186818596        5.7615157529380996     
   1.1365932157425500      -0.35936081711666001       -2.7216702253552497E-002
   6.5677616925427502       -4.3948530524191503        14.143605020115098     
   2.2778253186673600       0.96874403029350997        4.5956325634582303E-003
   2.9167864186093801        9.2908400033323293        18.333183601817598     
   3.1948273332167201       0.58129185729632904      -0.50532608997204798     
   16.261278445399299       -2.0983911305871401        20.141751904678301     
  0.37562838866428400       -2.7428324349004001       0.45296030179204899     
   30.516413933751998        4.1571027429980099        26.587983571869302     
   4.1774495201808001E-003  -1.0144685813831300       -3.3494775415990099     
   8.7416637444717402        21.520804715673801       -8.8887630528983905     
   1.6127444835963802      -0.95765430964322185      -0.35711607988456001     
   12.116158416221699        11.927356070284199        19.411568215788300     
   1.3093456953929601       -1.6549160441605100       -2.4337845344790701     
   9.1487421401689897       -2.8510541452420601        26.659966340645500     
  0.53374490241334005       -1.4884170186688701       -1.0750399572896201     
   4.6547296650994703        30.068316950257600        20.544384734039699     
  -2.8422745161836400       0.80659223023470406       0.33689951602261498     
   15.302166227168298        29.086592252786399        15.695585569680899     
  -1.7265732878414299      -0.59760710207246603       -3.4028131803355195     
   24.601607380476601        18.883281477027801        21.842072932146600     
   1.1860091125170300        1.4027899246236899       0.29528154470663498     
   23.151815083488199        2.6031954450710302        4.2337390181308798     
 -0.85379475236024305      -0.94790439198490584        4.9298892944189897E-002
   5.9035129645820401        7.4937850149227696        21.761862596457799     
 -0.42548219994657599       -1.2364042896453000        1.2038258680247400     
   17.403504922728700        8.0992571286046395        18.517250035338201     
 -0.76923684369253398      -0.18186518592515699       0.45884076102129501     
   24.429140356853299        23.079462337722401        4.8324496530773802     
 -0.62488790377516001       0.69028892615800297       0.29741689256326498     
   18.885068627707302        10.560223801118999        7.9970547353473496     
  0.54647505817247499      -0.88910109597629905       0.49514115884373205     
   9.4672227438593008        6.8000500504345798        5.4747151757902497     
  0.55181372328544898       -1.1948206346839800      -0.19806503236003500     
   15.907939853687401        14.795839464141000        10.790776767802800     
 -0.14468610856457700      -0.15864470413078000        5.6536748608820896E-003
 -0.25239859683100102        23.278067621598598        32.371339672643799     
   3.7307863701834401        1.5422313645774399       0.67762683517356104     
   22.181043466590001        10.201462675816700        10.820947267202500     
   2.0468822533519102      -0.72821850496256602       0.17049702199862099     
 -0.87509953372446703       -4.3337613802927599        26.645616493815901     
   1.5177563498258100        1.8286327751558800      -0.23358601443670698     
   29.252798166763000        11.358960504163701        20.022177671243000     
 -0.71485214803256203       0.32476116749635497       0.86587603688854287     
  0.78214037159014604        11.869898235871201        9.2284830095293398     
   2.5732466665440801        3.4014445598732401E-002   2.2448220999766502     
   18.868862312293999        6.2799523792059500        24.614346563209502     
  -1.4691628211670700      -0.84565924127899095       0.74964082526533404     
   14.897354613630400        17.004859454475099        20.695673425510400     
   2.2845069521605801       -1.7636216759182699       -1.6120738973478099     
   2.8861514241527000        19.882568591183801        21.579336028309800     
   2.1330266980411001       -2.2458788575779600        2.4267343959902798     
   15.564986916456800        21.232952306886400        21.297905889471199     
 -0.99097751317353111       -1.2473402378894500       0.25568032587420902     
   13.387336800771500        15.594681277124600        13.528077593863401     
  -2.4941437308951802       -5.6446778203114096       -1.3156378604572800     
   27.709002316059699        3.3264690656453100      -0.26458597295861203     
  0.17909940987566600       -1.1975272299970099       -1.4054264459118300     
   15.917872473536400        32.937989235377401        15.455269057867600     
   2.1126452538975902       0.49444067961618299      -0.56334831966568100     
   12.784373827727000        13.877544658274299        28.038082477809304     
  -1.4481586622981899      -0.11457563513179700        1.0518969349790299     
   15.034866212405202        23.302307482118799       0.74584169824762903     
   1.6224870777313598       0.81938855459026805        3.5074594184643502     
   22.524764557089000        4.8375586619464599        7.4309267550594607     
  -2.5006894329435201        1.1607021723868400        1.3232352328663399     
   5.8241723187473804        23.329450919824801        35.381968179573299     
  -1.6890652373195301       -1.0257384385165900       -1.3913718513913400     
   34.494868512787200        3.6514218173272601        13.499308916913900     
  -1.3587431844853599      -0.19048847580015801      -0.88271937041936011     
   20.020376106191300        38.201245059919103        1.4775736044301899     
 -0.54360860727834504       -2.0694690941026201      -0.76848551746692395     
   12.697911652168800        24.490079216621801        13.730257471275598     
   1.2525054787221901       -1.5481967245443800       0.18893996696586501     
   16.771830260801501        3.6446603578976502       0.24550801806685396     
  0.10064532968252200       -2.0259375151496899       -9.9159875538835807E-003
   24.372816543308499        10.502267466514899        14.028424621609998     
  -1.8624220021671500       -1.3622696562049501      -0.41515102735694798     
   25.381136204761901        6.0717546224698200       -1.6357285995454600     
   2.1264547768565900       -1.1508239714144299       -1.4311760735406200     
   24.032509472838601        8.3773598377805296        20.216548781279499     
   2.0648558612484900        1.8268484191610299        1.6198413432471901     
   3.9449413165306799        6.7756625241382498        14.219358081122902     
  0.31921092869873902       0.99442539218683002       0.60648865061534396     
   10.845677209220700        11.832046948546200        12.745650593438301     
   1.9773928189817700       -1.3189967682499100       0.35750976810018698     
  -3.7184455608253004        17.710995947111300        25.056611708237298     
  -2.0140065495222901       0.23586914647048299       0.62037765162776504     
   7.6773256039263211        22.334512513836799       -2.5257972764746701     
 -0.56590922462340598      -0.52041331572444005       -1.7055645917542501     
   12.794520493932900      -0.92619092891996502        3.7414900259450805     
   1.0030152637500001       -1.6629469036000399       -2.0725184624146902     
   19.933309222143301        22.777557466974098        28.529673957841702     
  0.68376573894268500      -0.99147307714843402      -0.61763605992939197     
   26.422501053072100        6.1830925776057297        10.150120760269100     
   2.0328052873369602       -2.9381829903233000E-003   1.3397019406295501     
  -3.7050947965624399        5.5574280094025701        17.276875285896800     
  0.69482272782737897       -1.2154956335282301      -0.51508722472222501     
   10.258415447275500        32.657535475784101        32.510793235130400     
  -2.0098646149532602        1.5660976831665001       0.25686388538610200     
   5.7470516029139196        15.971728185349599        24.383264803147700     
  -2.4043995402243099      -0.86603436263800304       0.47441740067722404     
   19.969281623343701        15.861285850299900        16.722639757276699     
  -4.3270603955507703      -0.96144284688556803        1.1890863270557901     
   17.843839188818698        22.622214944512201        18.567298477209899     
 -0.19457092765041800       -1.7939246611187201        1.6086150034584401     
   21.549776655923900        18.201541284039401        23.232267359532099     
  0.24327167468851699       0.40371938388537298      -0.84429895089682305     
   14.052407383629999        10.315792746846400        24.453346656509300     
   3.4049965524118799       -1.8907970120728903       -5.1972154264708298E-003
   22.423993826985601        19.128421948019000        9.4571411979407607     
  -1.8307745283716299       0.95501705315981400        3.3479618275071801E-002
   6.1363783153802798        15.700698808960002        16.769794186205200     
   2.1871132376847999       -5.3285564649736602E-003   2.2867633537540999     
   22.864966908643702        12.030311489886699        36.210787172186201     
  0.45158840674850192      -0.93309493502565810       0.66928709904679096     
   22.698761994693900        24.922078058960800        30.507881618023397     
  0.93806616108441310       0.24180662591058899        2.5252197113381998     
   2.8308699733059601        14.832417043290800        22.023410896546899     
 -0.58364736806407602       -1.6412850269231900      -0.31072175250804601     
   30.360416350196996        29.078291365916499        7.4935349990145399     
  -1.3432805667509400      -0.20963665000092099       0.73135024760722100     
  -3.9882587579825501        11.754458474508800        25.221135519279599     
 -0.83211564764237711       0.72835561102699498       -1.1924068372556900     
   15.857414364256602        27.781329395112802        24.424487131230901     
  0.77975387676414398       0.16294218805298100        1.0293006826252999     
   18.616566623474899        19.729136227063101       0.78467816793653500     
 -0.47005114830347705       -1.3824337592048399        1.8883245175802903     
   20.626046091717502        19.145260338194898        15.850995121866401     
  0.93695991056997985        2.0442278249582202       -3.3366273104237003E-002
   15.831414377574299        11.731813156495701      -0.76963689053603201     
  -1.9210909947403700       0.59612739935446801        1.1474107511560800     
   18.722974412558600        30.633624265956300        5.1621957112993702     
  0.27059511428101402       -1.4830329022033899        1.5413421877916500     
   24.691311491919400        16.164504465427100        11.260591929253501     
  -2.6244224286217199      -0.69051854646609701      -0.45527100228206602     
   11.551111646492400        10.478457275395501        28.747137835774502     
  -1.3883931592419900       -1.4919994992395400       -1.0659256227897300     
   18.438765645716401        28.642651913137300        8.6948230135411695     
  0.41645490099117993       0.81856561430339392        2.8403719947131698     
   19.484478858281701       -3.6203476025101602        8.5276111346896801     
 -0.65904879941407102       -1.7001534390234201       -1.7551632037200500     
   14.220787498577401        6.4437499541166696        9.0788642724468396     
   1.2876610907158501        2.2515380948297699        6.5571491008591901E-002
   12.307671215960900        21.514333233068900        20.760605864986200     
  0.73047368780889199        7.5887500836369803E-002  0.18404705375462199     
   12.245724326906601        19.730323093876201        8.2941243820209891     
 -0.75741138202519098       0.80465295377768586       0.83487327532588884     
   15.079541588747901        18.805601836541399        2.0838949251605401     
  -1.5414561601930501        1.0122771349544699       -1.1299704645802300     
   28.218871689375700        15.898069125957900        27.002373115837699     
  0.91498376442520102       0.99320419950370498        1.4506443682390600     
   17.267747439283500        5.2940172279333897        21.668202694880598     
  0.47287163586840902        1.9161341962231899      -0.12426949478422801     
  -1.0234205278194699       -3.7474679119732701        6.7196227494064802     
 -0.84273158101425905       -3.2968778456328103       -1.3931454583831999     
  -5.0240679856140202        24.313083923785001        26.442371679752998     
  0.55542562814126795       0.30845511452565499       -3.2291853757697702     
   1.1987436984480500        33.229970756487397        14.935841827515500     
 -0.34784802701798001        2.4660469649297498      -0.14591631003969599     
   8.6408873077303507        20.079988539674300        22.888047325230801     
 -0.85001844725056397       0.27674812980366498       0.66482244717570405     
   1.5382018049546899        2.5233617949627098        23.248913583999801     
  0.93657751764442698        1.3468510856526501       0.10935581847551201     
   31.042807871975796        34.376490987306298        11.225448150926701     
  0.97756782497874495       -2.4888178526976801       0.80531712104478603     
   29.148007583948900        10.108097166960700        24.634004039504401     
  0.97464077864241805       -9.4332993668941496E-003  -1.1533039146969000     
   1.0305911862437100        18.280613119565398        30.975681325645404     
 -0.69689461474226699      -0.19011757169330401        1.9125014438481600     
   27.131298117800000        17.100944786256200        5.6137544113650897     
  -1.0494070767807000        8.0213349002043202E-002  -1.0732361656897100     
   32.461538975749598        18.002574250672200        15.454857258032998     
   1.5295185133356399       -1.4002489797792700E-002  0.51574260935673799     
   24.935791694726898        15.049774354549200       -6.7920174191038898     
  0.78064138527437599      -0.58716587170899903      -0.29361843070214499     
   6.4484241835665896        7.5628072328447988        18.001327657192299     
  0.54335116261791305      -0.51579187230264900        2.6465740099396902     
   15.709199642403600        15.779136631522201        29.097729622297205     
   2.8084754165864401       0.49983432735619093      -0.74035884811969399     
   22.500189767297801        12.495025571225600        19.920133870684399     
 -0.89612456298271503       0.40193267780728098       -1.6447678881941201E-002
   7.1965362445251788        20.228387321984499       0.30778273562258801     
 -0.56860915290614999        1.0634749143921400        1.2144731845398100     
   16.484210513002100        2.8647785071363900       -3.7872684654947797     
  -1.3567133495388799       -4.2922883299639100E-002  -2.1833944079204302     
   29.896069471915901        16.237515679895299        10.030008065221599     
  0.24928268479748900       0.97630153704270695      -0.84872802515908785     
   32.631335757770898        11.314988918796400        22.362805586514298     
 -0.52561465215742897      -0.33286847293826100       -2.2661148401577398     
   15.187885633089000        5.1534649495253699        18.808772725517802     
  0.45159415262918906        1.0263624659655399       0.48347647161835200     
   22.662016179309401        7.4386618032784009        15.027008995861600     
 -0.65804707205521495       0.43307298359353702      -0.28733141265361101     
   8.9818731722566092        21.665911005809999        9.9814408924165594     
  -1.8735132503273699        3.5486312414642995        3.4923307874705101     
   20.307935868012802        3.8475806664472505        22.608399345468801     
   1.1909177100698500        1.6586329791694203        1.0807124233085299     
   33.508177758164798        1.5173063406054399        32.824782145636902     
 -0.45476240881856705        1.0439619428806099       0.76988435309348802     
   4.2890081586133100       -5.5479682413037903        31.750617180035004     
  0.48009807211962996       -1.8081755464098901       0.23330207259177402     
  -1.4354262349700599        15.081117725336700        30.250558553333899     
 -0.51928032397128399        6.6499224992164194E-002  -2.7354962183534002     
   8.6084951080325300        27.920789924710704        17.754714286312598     
  -1.9829529326005100       0.54532483496868300       -1.0797919935217499     
   18.900513221020798        25.898747925015101        1.4481714089369500     
  -1.7500198292787803        1.1435679266678800        1.2835047312906600     
   24.515276981587999       -1.3601896411428300        13.295294484624900     
  -2.0126443317478002      -0.54965840311597103      -0.53801783836949701     
   3.3683385326926998        13.316526210845099        18.528328579847699     
  0.16426636983421500       -1.0266820652346700       -2.5308612814476801     
   20.316460779929098        29.177211210888302       -4.5904423181834098     
  -1.3006391263371999       -9.0545670516838497E-002  0.85252787890969794     
   12.766225438332899        17.163859712049700        26.271645917593599     
  0.13131397995523100      -0.13316657687947600       0.26773410290128302     
   13.650081725758799        21.194448732879199        13.567332095454701     
  0.69715343623295900        2.0517829234345299       0.30924008500588002     
  0.85409120889717105        15.592998622427800        16.966384967813902     
  -2.4754615936585700       -2.0940749081343402      -0.87393317308945795     
   5.2733878410140997        1.3086404585545399        16.862408308301202     
  0.85831120306462205       0.31664603096045202       0.55556736040847299     
  0.48349313699257501        21.331588877072399        13.476151057144300     
 -0.21471157394565196        1.8278008374474297       -1.4355112833146599     
   13.327860414710599        21.569218894624299        24.535081933911702     
   1.2374786046684101      -0.28928321422580100       -1.2339207928768701     
   21.195967196881600        1.4752777756711299       -8.8878568974593293     
   1.0896010373167000        1.3854442191307601       0.83369868311974593     
   27.212582245799702        17.984833097631299        18.367021803819899     
  -2.4330306341697900       -1.2324225588610900       0.93738489872466813     
  0.42434854156117302        6.4839068960249202        1.6794595009399199E-002
  -2.3223638783343898        2.1030622036060200       0.32583865102381898     
   32.606184530188003       -2.4793773231542802        7.4402496182698803     
  -1.6855315534688300      -0.66679815865810899        1.4923019755936300     
   9.6423399933579503        25.317782312706399        11.928318063438100     
  -1.4114048985000001       0.85210131695826796       0.86003162659163701     
   15.718120747244802      -0.19894926705904500        6.0679562675152896     
  0.28309856411716300       -2.8876611645062802       -1.0517879380717501     
   22.577312776994201        26.432867996807602        23.301136706447000     
 -0.93876584499744498       -3.5120328104381202        1.8322762916756199     
   21.547771093622700        13.341097526195901        13.095623690270100     
 -0.42507113726659601        5.3593468019588808E-002  0.74928623794127902     
   13.406266061026900        1.3664207674313100        29.282852841749900     
   1.3259494956482600        2.6478180920919301       0.35648201466671497     
   4.8236885923984296        20.532197258022599        17.796690172868100     
 -0.25159144190259503        3.2895235254825694       0.34073017182242699     
   18.347366156058701        28.691290335356996       -1.5193180476418500     
  0.98511551870084801      -0.23619908423260200       0.93607471976699985     
   8.5596943704277102        13.140781977464400      -0.87369139324857803     
 -0.57902818390619504       0.86276812705942796      -0.93028814501535184     
   21.840663027022298        5.4928705457230604        19.353464690855098     
  -1.0348346023729400        1.0153175058828701       -1.2173771408112399     
   25.128967127713999        20.015530427020600        12.350840270560401     
  0.40217915981373692       0.54868140963212397      -0.34713165802089302     
   3.1419493537031000       0.12676403814933901        14.595393866110301     
  0.79354594106595411      -0.27012673812961802       -1.4333206262450300     
   13.565638784641401        16.159832184805801        17.388357002935201     
 -0.74174005360905604       0.36297488266905198       -1.6472008477233202     
   12.845392555969600        24.326663222975899       -2.1830049601440700     
  -1.6276267062215797       0.55879699739188304        2.6437071196347599     
   29.962573183125400       -3.1392783325257398        20.918622169162500     
   1.8805530453237600       -1.2868795609090999        1.0240494203089900     
   7.2563367742394798        25.326245517436401        19.756375042772401     
 -0.21966374300570099      -0.77440849331328598        2.1323238095897898     
   23.883292664495201        14.507228592021702        27.989373855801198     
  -2.4149741444964299        2.1122632951502802        1.0389337893639401     
   12.137286028483700        22.727261767508701        10.644346649707201     
   1.1520966774610899       0.41337125240186606       0.59754486676180796     
   2.8763851556289000        14.633311353716397       -2.8389005483848901     
   9.6706283755819897E-002   1.1397262219537101      -0.58379115222038003     
   21.560199224123402        19.614463293379199        19.453552889786000     
 -0.75402603118680400       -1.2917117566870100E-002 -0.82730111736468204     
   28.705841198218799        17.390132126607501        23.566455780839899     
  -1.2743807771789999      -0.31834837433261098        1.6084739905909100     
   11.652281800911700        6.6075793640035503        17.733720854706299     
 -0.63956818683354100       -1.9740127150548901        1.5981158329821703     
   7.9833103145277198        22.293723606072302        3.2476424644500099     
  -1.8031792711544197       -1.1218882787058799        1.7889059894710100     
   4.6615827110670001       -2.3296957103089100        21.733272866755801     
   1.4811678491448801        1.5481436735682199      -0.96994130719645300     
   26.153691075196100      -0.93641585955942996        16.683767657195201     
 -0.11844873965680500       0.44086815809333202       -1.0188559360921201     
   23.151679391969701        5.8520435548714396        11.016880684079000     
 -0.75904743667001195        2.3489654742380899       -1.8149263620913003     
   24.584718115841000        18.516228680694201        15.914629372846401     
  -2.1327724400651298      -0.62994782879111300      -0.34478443345965498     
   12.662582904363299        12.959508085180300        15.771086013434701     
  -2.2464743172949899       -1.0431409984550399        1.3794584464510999     
   17.924165035423300        18.287606697744302        17.976575564107300     
 -0.88743042403965289      -0.16848398394357900       -1.0815723083620301     
  -1.4888007071083300        4.1166756388450496        21.424165668440398     
  0.60419225267122800       -2.4325229443823999E-002  -2.6476219147808502     
   21.234846375387299        14.181082449414298        9.7179961639878893     
  0.96313237817010589      -0.24191552204209402       0.22112238969397899     
   25.319710664814799        14.549870975247503        14.758631573782202     
  0.46504632885848396        3.9278776675263498      -0.12325511174031602     
   1.1171403384031100        20.965138634190499        24.742730054774199     
 -0.39181824647238500        1.3169696159418300        2.0839883604366300     
   6.7250703603492097        18.213386763110702        19.691148388478599     
  -2.0695299399668401       -9.0533043199801905E-002   1.7270899468467400     
   25.164477301404101        13.772327358721300        33.098017252476502     
  -5.0288912139140093E-002 -0.36368881127920499       0.33814167407583601     
   13.507543725957101        8.1945696000055808        20.460627149032099     
   1.5384263573829300       -1.6865752114271499      -0.43772287664755305     
   11.773371911264601        3.8831882808178100        8.5172376648833499     
  0.57079613229573700        2.1171040942485599       0.19184568716097200     
   1.5326055897308200       -2.9817481301730200        13.430091902266200     
  -1.8666754190431301        1.3529489974302500       0.13111406898234099     
   1.2472742140560400        19.290529739970300        8.1789079879011393     
 -0.11288914399082700       -2.6254328254761501       -3.3630560899378001     
   6.5237232349756198        24.550529921748598       0.61136707042887195     
  -1.3288184611595200       -1.1660274712444800       -2.0770026610077399     
   12.134414886898700        20.410459669775399        4.6076660218515304     
   1.6111712196504500       -1.7856946023689100      -0.21263029101190600     
   19.734756004277600        26.846358102804601        21.229993259288499     
  -1.2127521675526800       0.17840423366764299      -0.13143447222814600     
   1.1300560019956001        18.760877807446899        27.077502697011699     
 -0.56838804947085597       -1.1301604981687801       0.52630976179788302     
   18.068045296604399        14.417175347834199        13.973515380752600     
   1.3639961794447200       0.87979951169512394       0.11525881871734300     
   18.118865884049800        2.7884403270600999        18.612344274385499     
  0.14179748519656901      -0.42632206777917098      -0.73174239686597597     
   14.730372901929602        27.537869924326600        12.512459573176200     
  0.13309051405436101        3.0833779346932100       -1.2455776608346900     
   11.512800971926501        26.448629141196200        29.553666244024104     
  -2.2486805548659299       -1.3703411385136599        2.0490231624605699     
   8.8838390165218897        15.389725038822002        9.9742692708171692     
   2.2407255840007299       -2.2342389203904500       -1.3208217516049900     
   15.690759829326501        14.129215640478298        25.187549530694501     
  -2.3718124207099902        2.4809483850715801       -3.2624040946837596     
   20.812451848190001        14.328318631368701        5.2765282099426303     
  -1.1840914431926901      -0.66964992179418703       0.86930140598451189     
  -2.6281597828760601        5.9582509568417601        13.603839287000300     
  -2.4324513427153098        1.3269773198106800       -2.0330386294737001E-002
   12.326464830959599        27.598106947660700       -3.3307249834534600     
  -1.5369284854408400      -0.32806980813546099       -2.2886040925546598     
   7.4656859612401396        17.578410177457400        12.941484175896100     
  0.57900759337312602      -0.42606128623130202      -0.64479390997799702     
   7.6911910556785603        15.525584688248001        5.8470052554263496     
   1.0171304646984700       0.60464346838218497       -1.2790966983365799     
   13.271485906676300       0.71780469205747999        8.9563832737372593     
  0.98970974187096705      -0.74761142588200102      -0.43360384642090100     
   25.807526152562300        28.489910185501397        27.312865543360299     
  0.59291498037357104       -1.1796267953642401      -0.99834133125278002     
   22.770307734960799       0.13079449513933500        7.0271944356116087     
   1.6986487374611099        1.0230721964521401       0.98317052635098312     
   16.667816971489600        20.330795318209901        10.339333314777701     
  -2.2115202975513699        1.1565647859553301       0.21472638533629401     
   4.9227581689203497        19.799868873637099       -3.2567595985312101     
 -0.75286009077384297        1.5565334935473201       -9.8397626641887601E-002
   14.626109035093000        6.3438325955656296        23.830535190942300     
  0.97713845386553000       -1.1728283813435201        8.8540422283218498E-002
   20.591541206730501        25.227249154382900        15.431588314748998     
  -1.8558526254923002        1.3772713018581000       0.54834587905399501     
   21.418406741010799        27.392684674776099        10.741373925251199     
  0.57160629143075803      -0.15189789437353399       0.12055463501385401     
   12.708670631139601        13.456540751864599        6.1889480634284002     
  0.92671961846982698       0.44685080520424197       -2.3494596224849800     
   13.650325338620902        4.9953207568348796        1.4067723108629200     
   1.7253255637754599        1.5970065980642700       0.96758281619552899     
   18.936311702149599        12.098499163495999        23.729467066885899     
  -1.3406670899986199       -1.2535659641291099       0.15058337904557101     
   28.204099593427902        20.838143092646700       -8.1952789506352506     
  -1.0406820521252900        1.3780130287224599        1.1860187475386099     
   15.773527611528699        26.314878473175000        8.6206456303180197     
  0.58429388321182396        1.0708389681394199        2.0308118437468101     
   9.5603793879725902        15.102073932515999        17.984450473495201     
  -1.6488005383924398      -0.28466248821372497      -0.18734398916279399     
   22.648105684643099        8.2394661580193898        6.8916852186676802     
  -1.8006203616699801       0.96154009861562806       0.34684677619515603     
   6.4995292639265401        20.673525509746199        12.044190948620701     
 -0.66578815612082398        2.5138490441560202       0.54353875117003503     
   20.359865692410100        12.316178477902300        27.121316967091101     
  0.80678717994599702        1.3402091778203500       0.37625842707561402     
   14.009773638661999        2.3610245552909999        4.2299758974032002     
   1.1771561048640100        9.6059189790110106E-002 -0.11975383525601700     
  -4.3984347600820000        24.679079713744901        16.423547417498000     
   1.0157303456450399        2.1118298286055501       0.11067308506736399     
   25.104834772471101        12.319361194606300        10.964638037813700     
   1.3350425246983899        1.9898796800057703        2.1577774430151400     
   6.5772424922171098        28.592257437710401        23.720653034521899     
   1.6864369076354500       -1.4699370257723401       -2.2271772636016598     
   12.670754104534200        10.220827300641099        10.383426351736800     
  -5.4015997385722991E-002 -0.19386284933196499       -1.3691505428319399     
   14.203372606821700        12.459840965077500        2.4338685458077500     
  -1.5769258381181599       -1.2178826566831101E-004 -0.82295289790189086     
   31.069735107359200        15.326994881966598       0.57809293366155901     
  0.64402692992201804        1.3535494547407101       -1.1833625684719200     
   6.6534232724751803        4.2408469282750296        5.0856604795415103     
   1.2764942332397899        1.6299291361691799       -1.9490589220308403     
   6.9580224069656298      -0.50730038377822095        7.0104780906263704     
 -0.88163281439792007       -1.4000722725170001      -0.41423625508464496     
   23.071756134791599        7.2252707954092790        31.676324032791101     
  0.46192301403405905        2.7793968418676598       0.39347113566060099     
  -5.7347881712579296        26.589701828790901        19.635581717469201     
  0.20838058681914698       0.53875927240146104      -0.44664222670803605     
   10.441594414091201        4.6692367843393798        24.667869454903801     
  -2.0345737519766600E-002 -0.67457879916809405       -1.1680951537342299     
   8.2694532213922702        28.318080715116199        28.733555783709097     
 -0.54368523349303599        2.1703124044360198        1.5373555650020101     
   1.8861063928640500        22.745144110627599        6.8382865100516588     
  0.17736812995879500       0.97923144663173700      -0.26696704979154201     
   26.792393604052400        19.926699711696699        3.3227829331961898     
  0.75216031951162299      -0.10365929288033601      -0.61469642646348499     
   18.034764706262202        15.130564910932401        22.362840875067601     
  0.65999107988326999       0.53194008798601800       0.65345533371940601     
   28.976124628762300        36.519172016374199        21.777304293179700     
 -0.60646224229312995       -1.9043470030936200        1.8378641984349300     
   10.166178825529300        1.5386886492809599        25.939139896642001     
 -0.31923907785389599      -0.19794300521597796       0.25261116677036699     
   28.634925607141302        27.689255446391805        3.0878434969579800     
  0.86627169066526799      -0.64863549939580201        2.6777751184349001     
   7.9031644711685605        18.847563603394200        16.355167904986700     
 -0.42070377885974003       0.96803016511912299       0.96605024700956299     
   24.963093314106501        22.240345872173300        8.0235508696469893     
 -0.67006228170372795       -1.5646492337807800      -0.67608864953763104     
   14.760406037229600        12.068401859102600        12.893221170914000     
  -3.8867611036464002E-002 -0.17652942170271599        1.0453151699256300     
   6.3945726094285700        16.149576117474400        27.744887718726901     
  -1.3571967804603799      -0.88000875410154000      -0.39618353166019799     
  0.68648307487775995        7.6332473465160398        8.9033100242921606     
  0.91154439390784903      -0.93468000975175602       0.86983263435697700     
   20.155930231566000        5.0618408903091199        3.5607742442294699     
  -2.2862943692237101        1.2288554166710299      -0.21024925227163499     
   17.036844847581499        14.379098181852900        18.827539507387900     
   1.8165965945728999       -2.5364630524748000        1.4587978406571700     
   28.863197455539904        12.425226768262901        15.381020923661600     
  -2.0822190115863499       -6.6285956455942194E-002  -1.0062761948713901     
   24.295105567422699        29.671290624838100       -7.0197538362765499     
  -2.3359985116233601       0.49893531138488800        1.0371224030054100     
   30.031738583865202        34.907180357073997        4.5915981668289199     
  0.22517561678858700       0.21080244874251300        1.7029110290879499     
   35.318722534792201       -3.8301395998699599        24.230859890980099     
   2.6580088010376302       -2.0147179864853699       -6.5075971793644202E-002
   14.536095224319100        13.313335252182700        22.055558489333901     
   1.2443817948524001       0.68238375499389503        1.2004852363703400     
   20.766761001332299        15.978892022509998        20.025383083224799     
 -0.21823832943333601        1.7316293492481201        7.2144761044430905E-002
   14.741064026176698        20.361728622003401        17.968064550832800     
   1.4996845567794399       0.72033958680980403        1.5260312279784400     
   13.429154162093401        8.3566588481231996        13.283108958365199     
 -0.86491690640635188      -0.30608542202420602       -2.1446826729500099     
   16.307233328226499        19.770558955092401        6.1104606409451598     
  -1.2211500726018600       -1.7464667449535998        3.2923501806952902     
   10.770606079586400       -4.2657190297275003        19.589935487062199     
  -1.6258280244727199       0.89191440088828500      -0.72520695897386100     
   18.908662217114099        32.596598185230597        13.523703667849800     
 -0.39970634346615502      -0.14399064998495201        1.0296577194380001     
   9.2468242911041898        16.162283822517299        25.195921026806001     
  -3.4631624575450402       -1.8828838673048403        1.1194147590878401     
   19.846911698526899        6.1957127159388499      -0.60188082023828404     
  -1.2253354783054899      -0.19829557384844404      -0.89226110263013214     
  -4.9548103033319899        15.922902802624398        18.326642072571001     
 -0.67975620995799502       -1.0199267652591200      -0.66093713905927998     
   26.652370971042199        18.185562129346899        8.8885506050712202     
 -0.68449832154753798       -1.1285925532592200        1.0560836875676600     
   12.556484747129300        27.925627437430499        21.084353559287699     
  -1.8606254361211800       -5.6138404016842502E-003  -1.3535604663143801     
   16.486288709368601        7.6776109379256798        29.266478962015004     
 -0.35334993209618298      -0.47888401182237206      -0.89398435329009096     
   9.1995206458061407        29.907502136539300        20.676431357113401     
   1.1790516043236901      -0.13008147586493901        9.1099729234346200E-002
   24.450339422005499        21.276952366789601      -0.26600595517208497     
  -1.0998506701094699       -1.7462029986049501       -2.3179351971058599E-002
   7.7274201300168405E-002   9.6162931963222800        2.5139763054283000     
  -6.9013521142354303E-002  0.73760480194210798       0.78000260489329898     
   11.126788908861100        22.002838750596901        16.988297917474799     
  -1.7438525571745602       -1.2108681607792500      -0.52109719858400205     
   14.120658810158799        23.849428532327199        19.023538191274199     
  0.75271232690140999       -1.9262547491698403       -1.3467364810606599     
   9.6664772528431495        12.987307286281601        21.835396836661602     
  -2.0237800487385398      -0.36137127163038002       -6.9831938416418701E-002
   16.285278128552601        11.835097661327300        16.600297076022802     
  -3.4686683101022795       -6.6030456795656306E-002 -0.37776832318746101     
   20.668112484359401        23.264074607785901        5.3224874899664600     
   2.1470975532831602      -0.22783495526344097       -2.0640625260690399E-002
   9.8294286784132794        25.492905065310499        15.553352754215201     
   2.3798689295460802       0.20960898179079801      -0.64649950196480499     
   8.4886847202085800        29.157661004035500        3.3560270326717800     
  0.25103331396619000        1.1940670008778700       -2.1842193760022299     
   13.483875939358500        7.8278238627046903        27.282597635592602     
  -2.7602526755579202      -0.45285634439291700       -3.3808461270223096     
   15.405541893780100        19.871977776602801        26.955943125517599     
   1.4407849133366200        1.2973838651292100       -1.0850651895693300     
   24.315506606112301        10.269441767442000        4.4023988271595096     
  -1.6612748939411102       -1.5938497916098999       -2.4545985526080498     
   3.0669619771601999        14.304353434064501        14.208750347777400     
   1.4123278351804200      -0.27439563387375498      -0.93931705625625594     
   9.0154848213738497       -3.5856970554276595        8.4273096723793799     
   2.6112203906037599      -0.59001179357401001        2.1728205662186300     
   16.560395855233399        9.2686656169485406        21.939600105371600     
 -0.36368932753310002      -0.57956840493215400       0.58996262700179603     
   25.498565254054899        11.432411323563100       -7.0170728483621296     
  -2.2772071666512699       0.33388638634931500        1.8367978389758599     
   9.0237576128546202      -0.25069529837060001        10.300828904712800     
  0.33460170214964002      -0.70209418448541705        1.0642489647356901     
   3.8339369944994597       -5.4910638092056097       -1.6215715967431299     
  0.50120562038740502       0.64907018990947896        2.5489821409968698     
   3.0495904087933901        20.246541540623902        33.336902052378200     
 -0.48077725012253097        2.0797755463589800        1.5727019558726500     
   20.013836414564000        30.361425879176100        30.052813105027301     
  -1.0096918260880701       0.70125214061816099        1.2170224237154299     
   21.023645759552799       0.69421661360374898        13.597733378982101     
  0.44380040745164101        6.6847132268011200E-002   4.7660812417908600E-002
  -1.6725194210002099        14.503587785333401        8.3080888852975505     
   3.4238765930160002      -0.63399238563861904       0.64243119842134200     
   18.389572076831300        12.801250605922400        1.7897467705471697     
  0.67888157090247003      -0.78781497943265899      -0.10672363647597700     
   25.607398774016801        8.4170858362555006        23.653998815626899     
  0.99948896079899396       0.65666892148096001       0.81342165631700902     
   9.4133794301343094        16.917781562432701        21.801074909463100     
 -0.43945037014983901      -0.51081793136744003       0.42352513081393800     
   22.159317106801701        13.815403002026102        23.779649530497601     
  0.38507627539638301      -0.21291531338043301        1.5699415065751801     
   5.7687648529164699        12.467803838197799        25.336591132101699     
  -3.4047642692522602        1.5609755308756300E-002 -0.18462802939366299     
   23.772682696870000        5.4893595121649099        22.480345014104302     
  -1.7871664634034501       -1.8907749715690003       0.31045080659587099     
   7.3480606008891902        10.568483740531301        2.0599060700647698     
  0.80556801690253599        1.1346227939948801       -2.7690203772313602     
   4.2334864457574799        22.093289115560701        14.636687007779400     
 -0.49121848245265598        1.0078947684722099        1.2809777676721299     
   26.340050754937000        7.1032676045980097        5.9191750343487701     
  0.48898586039680703        1.6338893671110699      -0.27093205318999802     
   6.0715659549550898        23.954461765960001        10.231418654559199     
 -0.52164867503645695        2.5048353196931199        2.4890139440823900     
   11.344428979112299        5.4011477968812596        14.227334780274798     
 -0.57191655275209097      -0.56523421543571795       0.72454847589292903     
   14.787239769434301        16.160154187094701        7.1868766491677603     
 -0.24206293155281400        1.1115840184979500        2.5617948688451602     
   23.283868408782201        4.1962435503999300        29.049083789043696     
 -0.13271559532151600       -1.8160637355394500      -0.33198665276653799     
   11.387527168943700        28.709134942310001        14.274758746974900     
  -3.0930210669425100        2.5852362457524301       0.57672486291121605     
   33.262340163031901        4.5663085541269801       -5.0480970035150099     
 -0.66463771296039598        1.4591406969781000       0.23336263378264899     
   23.345153474761300        2.0515963159985500        11.297313155232400     
   1.2537901713120700      -0.63417514454637602      -0.20321779760060701     
   8.9904767088562991        2.7351681280608799        16.057797289867700     
   1.5028390762043899       -1.6421219120742299       -1.4424806676407900     
  -5.5635191880410400        16.941058389618700        2.5848738544586900     
   1.6722958301661000        1.2329566474286400        3.1614307866560498E-002
   21.458926186779699       -5.2806537981756296        18.615074832422899     
 -0.42952594360293705       -2.4622203027667702        1.8546501923814598     
   27.485335022949798        27.358128335268500       -5.0175401491759599     
   1.1350438321088201       0.55309445004903401       0.17246003322292100     
   22.038547786411002        10.341469536720700        22.580541431239901     
  -5.2559689710274103E-002 -0.27602682902017900      -0.31272943182663199     
   12.249800704762100        4.4166491125953202        20.927769380874501     
   2.0082160188197999      -0.34814382150524698       -1.0061473114240500     
   7.9285980004858194        6.0143172792912196        15.361038081191698     
  -5.1196082749562000E-002  -3.0547792443898198       0.35279509900870398     
   18.376702854131999        6.3897270016367296        7.6894616779289100     
 -0.14237225001270001        1.4997502170930801      -0.53209084728342904     
  0.11622690042307900        6.2740554289375101        18.318681377413402     
  -1.2931044731968400      -0.22459164751075300       -1.3688892048228400     
   18.300350225153299        18.960407280958400        21.849381146283900     
 -0.21640728517376301        1.2943830434309900       0.59334199023963896     
   28.694354563953098     
